Gofer Version 2.30a
Modifications for pugofer Rusi Mody
Copyright (c) Mark P Jones 1991-1994
Copyright (c) Rusi Mody 1995-2015

Gofer session for:
/home/rusi/pdsw/gofer/gofer-master/pusimple.pre
? 
Gofer session for:
/home/rusi/pdsw/gofer/gofer-master/pusimple.pre
/home/anu/pucsd/ip2017/sept1/nn.gs
? fact.4
24 : Int
? take.2.[1,2,3,4,5]
[1, 2] : [Int]
? drop.2.[1,2,3,4,5]
[3, 4, 5] : [Int]
? span.2.[1,2,3,4,5]

ERROR: Type error in application
*** expression     : span.2.[1,2,3,4,5]
*** term           : 2
*** type           : Int
*** does not match : Int -> Bool

? split.2.[1,2,3,4,5]
ERROR: Undefined variable "split"
? splitAt
splitAt : Int -> [a] -> ([a],[a])
? splitAt.2.[1,2,3,4,5]
([1, 2],[3, 4, 5]) : ([Int],[Int])
? length
foldl'.v6.0 : [a] -> Int
? splitAt.0.[1,2,3]
([],[1, 2, 3]) : ([Int],[Int])
? splitAt.3.[1,2,3]
([1, 2, 3],[]) : ([Int],[Int])
? 
ERROR "/home/anu/pucsd/ip2017/sept1/nn.gs" (line 7): Type error in application
*** expression     : splitAt.p.i
*** term           : i
*** type           : Int
*** does not match : [a]

? 
Gofer session for:
/home/rusi/pdsw/gofer/gofer-master/pusimple.pre
/home/anu/pucsd/ip2017/sept1/nn.gs
? ff.[1,2,3]

Program error: {ff.[]}


? 
Gofer session for:
/home/rusi/pdsw/gofer/gofer-master/pusimple.pre
/home/anu/pucsd/ip2017/sept1/nn.gs
? ff.[1,2,3]
[[1, 2, 3], [1, 3, 2], [2, 1, 3], [3, 1, 2], [2, 3, 1], [3, 2, 1]] : [[Int]]
? :s +s
? ff.[1,2,3,4]
[[1, 2, 3, 4], [1, 2, 4, 3], [1, 3, 2, 4], [1, 4, 2, 3], [1, 3, 4, 2], [1, 4, 3, 2], [2, 1, 3, 4], [2, 1, 4, 3], [3, 1, 2, 4], [4, 1, 2, 3], [3, 1, 4, 2], [4, 1, 3, 2], [2, 3, 1, 4], [2, 4, 1, 3], [3, 2, 1, 4], [4, 2, 1, 3], [3, 4, 1, 2], [4, 3, 1, 2], [2, 3, 4, 1], [2, 4, 3, 1], [3, 2, 4, 1], [4, 2, 3, 1], [3, 4, 2, 1], [4, 3, 2, 1]] : [[Int]]
(2175 reductions, 5760 cells)
? 
Gofer session for:
/home/rusi/pdsw/gofer/gofer-master/pusimple.pre
/home/anu/pucsd/ip2017/sept1/nn.gs
? ff.[1,2,3,4]
[[1, 2, 3, 4], [2, 1, 3, 4], [2, 3, 1, 4], [2, 3, 4, 1], [1, 3, 2, 4], [3, 1, 2, 4], [3, 2, 1, 4], [3, 2, 4, 1], [1, 3, 4, 2], [3, 1, 4, 2], [3, 4, 1, 2], [3, 4, 2, 1], [1, 2, 4, 3], [2, 1, 4, 3], [2, 4, 1, 3], [2, 4, 3, 1], [1, 4, 2, 3], [4, 1, 2, 3], [4, 2, 1, 3], [4, 2, 3, 1], [1, 4, 3, 2], [4, 1, 3, 2], [4, 3, 1, 2], [4, 3, 2, 1]] : [[Int]]
(1010 reductions, 2777 cells)
? ff.[1,2,3,4,5,6,7]
[[1, 2, 3, 4, 5, 6, 7], [2, 1, 3, 4, 5, 6, 7], [2, 3, 1, 4, 5, 6, 7], [2, 3, 4, 1, 5, 6, 7], [2, 3, 4, 5, 1, 6, 7], [2, 3, 4, 5, 6, 1, 7], [2, 3, 4, 5, 6, 7, 1], [1, 3, 2, 4, 5, 6, 7], [3, 1, 2, 4, 5, 6, 7], [3, 2, 1, 4, 5, 6, 7], [3, 2, 4, 1, 5, 6, 7], [3, 2, 4, 5, 1, 6, 7], [3, 2, 4, 5, 6, 1, 7], [3, 2, 4, 5, 6, 7, 1], [1, 3, 4, 2, 5, 6, 7], [3, 1, 4, 2, 5, 6, 7], [3, 4, 1, 2, 5, 6, 7], [3, 4, 2, 1, 5, 6, 7], [3, 4, 2, 5, 1, 6, 7], [3, 4, 2, 5, 6, 1, 7], [3, 4, 2, 5, 6, 7, 1], [1, 3, 4, 5, 2, 6, 7], [3, 1, 4, 5, 2, 6, 7], [3, 4, 1, 5, 2, 6, 7], [3, 4, 5, 1, 2, 6, 7], [3, 4, 5, 2, 1, 6, 7], [3, 4, 5, 2, 6, 1, 7], [3, 4, 5, 2, 6, 7, 1], [1, 3, 4, 5, 6, 2, 7], [3, 1, 4, 5, 6, 2, 7], [3, 4, 1, 5, 6, 2, 7], [3, 4, 5, 1, 6, 2, 7], [3, 4, 5, 6, 1, 2, 7], [3, 4, 5, 6, 2, 1, 7], [3, 4, 5, 6, 2, 7, 1], [1, 3, 4, 5, 6, 7, 2], [3, 1, 4, 5, 6, 7, 2], [3, 4, 1, 5, 6, 7, 2], [3, 4, 5, 1, 6, 7, 2], [3, 4, 5, 6, 1, 7, 2], [3, 4, 5, 6, 7, 1, 2], [3, 4, 5, 6, 7, 2, 1], [1, 2, 4, 3, 5, 6, 7], [2, 1, 4, 3, 5, 6, 7], [2, 4, 1, 3, 5, 6, 7], [2, 4, 3, 1, 5, 6, 7], [2, 4, 3, 5, 1, 6, 7], [2, 4, 3, 5, 6, 1, 7], [2, 4, 3, 5, 6, 7, 1], [1, 4, 2, 3, 5, 6, 7], [4, 1, 2, 3, 5, 6, 7], [4, 2, 1, 3, 5, 6, 7], [4, 2, 3, 1, 5, 6, 7], [4, 2, 3, 5, 1, 6, 7], [4, 2, 3, 5, 6, 1, 7], [4, 2, 3, 5, 6, 7, 1], [1, 4, 3, 2, 5, 6, 7], [4, 1, 3, 2, 5, 6, 7], [4, 3, 1, 2, 5, 6, 7], [4, 3, 2, 1, 5, 6, 7], [4, 3, 2, 5, 1, 6, 7], [4, 3, 2, 5, 6, 1, 7], [4, 3, 2, 5, 6, 7, 1], [1, 4, 3, 5, 2, 6, 7], [4, 1, 3, 5, 2, 6, 7], [4, 3, 1, 5, 2, 6, 7], [4, 3, 5, 1, 2, 6, 7], [4, 3, 5, 2, 1, 6, 7], [4, 3, 5, 2, 6, 1, 7], [4, 3, 5, 2, 6, 7, 1], [1, 4, 3, 5, 6, 2, 7], [4, 1, 3, 5, 6, 2, 7], [4, 3, 1, 5, 6, 2, 7], [4, 3, 5, 1, 6, 2, 7], [4, 3, 5, 6, 1, 2, 7], [4, 3, 5, 6, 2, 1, 7], [4, 3, 5, 6, 2, 7, 1], [1, 4, 3, 5, 6, 7, 2], [4, 1, 3, 5, 6, 7, 2], [4, 3, 1, 5, 6, 7, 2], [4, 3, 5, 1, 6, 7, 2], [4, 3, 5, 6, 1, 7, 2], [4, 3, 5, 6, 7, 1, 2], [4, 3, 5, 6, 7, 2, 1], [1, 2, 4, 5, 3, 6, 7], [2, 1, 4, 5, 3, 6, 7], [2, 4, 1, 5, 3, 6, 7], [2, 4, 5, 1, 3, 6, 7], [2, 4, 5, 3, 1, 6, 7], [2, 4, 5, 3, 6, 1, 7], [2, 4, 5, 3, 6, 7, 1], [1, 4, 2, 5, 3, 6, 7], [4, 1, 2, 5, 3, 6, 7], [4, 2, 1, 5, 3, 6, 7], [4, 2, 5, 1, 3, 6, 7], [4, 2, 5, 3, 1, 6, 7], [4, 2, 5, 3, 6, 1, 7], [4, 2, 5, 3, 6, 7, 1], [1, 4, 5, 2, 3, 6, 7], [4, 1, 5, 2, 3, 6, 7], [4, 5, 1, 2, 3, 6, 7], [4, 5, 2, 1, 3, 6, 7], [4, 5, 2, 3, 1, 6, 7], [4, 5, 2, 3, 6, 1, 7], [4, 5, 2, 3, 6, 7, 1], [1, 4, 5, 3, 2, 6, 7], [4, 1, 5, 3, 2, 6, 7], [4, 5, 1, 3, 2, 6, 7], [4, 5, 3, 1, 2, 6, 7], [4, 5, 3, 2, 1, 6, 7], [4, 5, 3, 2, 6, 1, 7], [4, 5, 3, 2, 6, 7, 1], [1, 4, 5, 3, 6, 2, 7], [4, 1, 5, 3, 6, 2, 7], [4, 5, 1, 3, 6, 2, 7], [4, 5, 3, 1, 6, 2, 7], [4, 5, 3, 6, 1, 2, 7], [4, 5, 3, 6, 2, 1, 7], [4, 5, 3, 6, 2, 7, 1], [1, 4, 5, 3, 6, 7, 2], [4, 1, 5, 3, 6, 7, 2], [4, 5, 1, 3, 6, 7, 2], [4, 5, 3, 1, 6, 7, 2], [4, 5, 3, 6, 1, 7, 2], [4, 5, 3, 6, 7, 1, 2], [4, 5, 3, 6, 7, 2, 1], [1, 2, 4, 5, 6, 3, 7], [2, 1, 4, 5, 6, 3, 7], [2, 4, 1, 5, 6, 3, 7], [2, 4, 5, 1, 6, 3, 7], [2, 4, 5, 6, 1, 3, 7], [2, 4, 5, 6, 3, 1, 7], [2, 4, 5, 6, 3, 7, 1], [1, 4, 2, 5, 6, 3, 7], [4, 1, 2, 5, 6, 3, 7], [4, 2, 1, 5, 6, 3, 7], [4, 2, 5, 1, 6, 3, 7], [4, 2, 5, 6, 1, 3, 7], [4, 2, 5, 6, 3, 1, 7], [4, 2, 5, 6, 3, 7, 1], [1, 4, 5, 2, 6, 3, 7], [4, 1, 5, 2, 6, 3, 7], [4, 5, 1, 2, 6, 3, 7], [4, 5, 2, 1, 6, 3, 7], [4, 5, 2, 6, 1, 3, 7], [4, 5, 2, 6, 3, 1, 7], [4, 5, 2, 6, 3, 7, 1], [1, 4, 5, 6, 2, 3, 7], [4, 1, 5, 6, 2, 3, 7], [4, 5, 1, 6, 2, 3, 7], [4, 5, 6, 1, 2, 3, 7], [4, 5, 6, 2, 1, 3, 7], [4, 5, 6, 2, 3, 1, 7], [4, 5, 6, 2, 3, 7, 1], [1, 4, 5, 6, 3, 2, 7], [4, 1, 5, 6, 3, 2, 7], [4, 5, 1, 6, 3, 2, 7], [4, 5, 6, 1, 3, 2, 7], [4, 5, 6, 3, 1, 2, 7], [4, 5, 6, 3, 2, 1, 7], [4, 5, 6, 3, 2, 7, 1], [1, 4, 5, 6, 3, 7, 2], [4, 1, 5, 6, 3, 7, 2], [4, 5, 1, 6, 3, 7, 2], [4, 5, 6, 1, 3, 7, 2], [4, 5, 6, 3, 1, 7, 2], [4, 5, 6, 3, 7, 1, 2], [4, 5, 6, 3, 7, 2, 1], [1, 2, 4, 5, 6, 7, 3], [2, 1, 4, 5, 6, 7, 3], [2, 4, 1, 5, 6, 7, 3], [2, 4, 5, 1, 6, 7, 3], [2, 4, 5, 6, 1, 7, 3], [2, 4, 5, 6, 7, 1, 3], [2, 4, 5, 6, 7, 3, 1], [1, 4, 2, 5, 6, 7, 3], [4, 1, 2, 5, 6, 7, 3], [4, 2, 1, 5, 6, 7, 3], [4, 2, 5, 1, 6, 7, 3], [4, 2, 5, 6, 1, 7, 3], [4, 2, 5, 6, 7, 1, 3], [4, 2, 5, 6, 7, 3, 1], [1, 4, 5, 2, 6, 7, 3], [4, 1, 5, 2, 6, 7, 3], [4, 5, 1, 2, 6, 7, 3], [4, 5, 2, 1, 6, 7, 3], [4, 5, 2, 6, 1, 7, 3], [4, 5, 2, 6, 7, 1, 3], [4, 5, 2, 6, 7, 3, 1], [1, 4, 5, 6, 2, 7, 3], [4, 1, 5, 6, 2, 7, 3], [4, 5, 1, 6, 2, 7, 3], [4, 5, 6, 1, 2, 7, 3], [4, 5, 6, 2, 1, 7, 3], [4, 5, 6, 2, 7, 1, 3], [4, 5, 6, 2, 7, 3, 1], [1, 4, 5, 6, 7, 2, 3], [4, 1, 5, 6, 7, 2, 3], [4, 5, 1, 6, 7, 2, 3], [4, 5, 6, 1, 7, 2, 3], [4, 5, 6, 7, 1, 2, 3], [4, 5, 6, 7, 2, 1, 3], [4, 5, 6, 7, 2, 3, 1], [1, 4, 5, 6, 7, 3, 2], [4, 1, 5, 6, 7, 3, 2], [4, 5, 1, 6, 7, 3, 2], [4, 5, 6, 1, 7, 3, 2], [4, 5, 6, 7, 1, 3, 2], [4, 5, 6, 7, 3, 1, 2], [4, 5, 6, 7, 3, 2, 1], [1, 2, 3, 5, 4, 6, 7], [2, 1, 3, 5, 4, 6, 7], [2, 3, 1, 5, 4, 6, 7], [2, 3, 5, 1, 4, 6, 7], [2, 3, 5, 4, 1, 6, 7], [2, 3, 5, 4, 6, 1, 7], [2, 3, 5, 4, 6, 7, 1], [1, 3, 2, 5, 4, 6, 7], [3, 1, 2, 5, 4, 6, 7], [3, 2, 1, 5, 4, 6, 7], [3, 2, 5, 1, 4, 6, 7], [3, 2, 5, 4, 1, 6, 7], [3, 2, 5, 4, 6, 1, 7], [3, 2, 5, 4, 6, 7, 1], [1, 3, 5, 2, 4, 6, 7], [3, 1, 5, 2, 4, 6, 7], [3, 5, 1, 2, 4, 6, 7], [3, 5, 2, 1, 4, 6, 7], [3, 5, 2, 4, 1, 6, 7], [3, 5, 2, 4, 6, 1, 7], [3, 5, 2, 4, 6, 7, 1], [1, 3, 5, 4, 2, 6, 7], [3, 1, 5, 4, 2, 6, 7], [3, 5, 1, 4, 2, 6, 7], [3, 5, 4, 1, 2, 6, 7], [3, 5, 4, 2, 1, 6, 7], [3, 5, 4, 2, 6, 1, 7], [3, 5, 4, 2, 6, 7, 1], [1, 3, 5, 4, 6, 2, 7], [3, 1, 5, 4, 6, 2, 7], [3, 5, 1, 4, 6, 2, 7], [3, 5, 4, 1, 6, 2, 7], [3, 5, 4, 6, 1, 2, 7], [3, 5, 4, 6, 2, 1, 7], [3, 5, 4, 6, 2, 7, 1], [1, 3, 5, 4, 6, 7, 2], [3, 1, 5, 4, 6, 7, 2], [3, 5, 1, 4, 6, 7, 2], [3, 5, 4, 1, 6, 7, 2], [3, 5, 4, 6, 1, 7, 2], [3, 5, 4, 6, 7, 1, 2], [3, 5, 4, 6, 7, 2, 1], [1, 2, 5, 3, 4, 6, 7], [2, 1, 5, 3, 4, 6, 7], [2, 5, 1, 3, 4, 6, 7], [2, 5, 3, 1, 4, 6, 7], [2, 5, 3, 4, 1, 6, 7], [2, 5, 3, 4, 6, 1, 7], [2, 5, 3, 4, 6, 7, 1], [1, 5, 2, 3, 4, 6, 7], [5, 1, 2, 3, 4, 6, 7], [5, 2, 1, 3, 4, 6, 7], [5, 2, 3, 1, 4, 6, 7], [5, 2, 3, 4, 1, 6, 7], [5, 2, 3, 4, 6, 1, 7], [5, 2, 3, 4, 6, 7, 1], [1, 5, 3, 2, 4, 6, 7], [5, 1, 3, 2, 4, 6, 7], [5, 3, 1, 2, 4, 6, 7], [5, 3, 2, 1, 4, 6, 7], [5, 3, 2, 4, 1, 6, 7], [5, 3, 2, 4, 6, 1, 7], [5, 3, 2, 4, 6, 7, 1], [1, 5, 3, 4, 2, 6, 7], [5, 1, 3, 4, 2, 6, 7], [5, 3, 1, 4, 2, 6, 7], [5, 3, 4, 1, 2, 6, 7], [5, 3, 4, 2, 1, 6, 7], [5, 3, 4, 2, 6, 1, 7], [5, 3, 4, 2, 6, 7, 1], [1, 5, 3, 4, 6, 2, 7], [5, 1, 3, 4, 6, 2, 7], [5, 3, 1, 4, 6, 2, 7], [5, 3, 4, 1, 6, 2, 7], [5, 3, 4, 6, 1, 2, 7], [5, 3, 4, 6, 2, 1, 7], [5, 3, 4, 6, 2, 7, 1], [1, 5, 3, 4, 6, 7, 2], [5, 1, 3, 4, 6, 7, 2], [5, 3, 1, 4, 6, 7, 2], [5, 3, 4, 1, 6, 7, 2], [5, 3, 4, 6, 1, 7, 2], [5, 3, 4, 6, 7, 1, 2], [5, 3, 4, 6, 7, 2, 1], [1, 2, 5, 4, 3, 6, 7], [2, 1, 5, 4, 3, 6, 7], [2, 5, 1, 4, 3, 6, 7], [2, 5, 4, 1, 3, 6, 7], [2, 5, 4, 3, 1, 6, 7], [2, 5, 4, 3, 6, 1, 7], [2, 5, 4, 3, 6, 7, 1], [1, 5, 2, 4, 3, 6, 7], [5, 1, 2, 4, 3, 6, 7], [5, 2, 1, 4, 3, 6, 7], [5, 2, 4, 1, 3, 6, 7], [5, 2, 4, 3, 1, 6, 7], [5, 2, 4, 3, 6, 1, 7], [5, 2, 4, 3, 6, 7, 1], [1, 5, 4, 2, 3, 6, 7], [5, 1, 4, 2, 3, 6, 7], [5, 4, 1, 2, 3, 6, 7], [5, 4, 2, 1, 3, 6, 7], [5, 4, 2, 3, 1, 6, 7], [5, 4, 2, 3, 6, 1, 7], [5, 4, 2, 3, 6, 7, 1], [1, 5, 4, 3, 2, 6, 7], [5, 1, 4, 3, 2, 6, 7], [5, 4, 1, 3, 2, 6, 7], [5, 4, 3, 1, 2, 6, 7], [5, 4, 3, 2, 1, 6, 7], [5, 4, 3, 2, 6, 1, 7], [5, 4, 3, 2, 6, 7, 1], [1, 5, 4, 3, 6, 2, 7], [5, 1, 4, 3, 6, 2, 7], [5, 4, 1, 3, 6, 2, 7], [5, 4, 3, 1, 6, 2, 7], [5, 4, 3, 6, 1, 2, 7], [5, 4, 3, 6, 2, 1, 7], [5, 4, 3, 6, 2, 7, 1], [1, 5, 4, 3, 6, 7, 2], [5, 1, 4, 3, 6, 7, 2], [5, 4, 1, 3, 6, 7, 2], [5, 4, 3, 1, 6, 7, 2], [5, 4, 3, 6, 1, 7, 2], [5, 4, 3, 6, 7, 1, 2], [5, 4, 3, 6, 7, 2, 1], [1, 2, 5, 4, 6, 3, 7], [2, 1, 5, 4, 6, 3, 7], [2, 5, 1, 4, 6, 3, 7], [2, 5, 4, 1, 6, 3, 7], [2, 5, 4, 6, 1, 3, 7], [2, 5, 4, 6, 3, 1, 7], [2, 5, 4, 6, 3, 7, 1], [1, 5, 2, 4, 6, 3, 7], [5, 1, 2, 4, 6, 3, 7], [5, 2, 1, 4, 6, 3, 7], [5, 2, 4, 1, 6, 3, 7], [5, 2, 4, 6, 1, 3, 7], [5, 2, 4, 6, 3, 1, 7], [5, 2, 4, 6, 3, 7, 1], [1, 5, 4, 2, 6, 3, 7], [5, 1, 4, 2, 6, 3, 7], [5, 4, 1, 2, 6, 3, 7], [5, 4, 2, 1, 6, 3, 7], [5, 4, 2, 6, 1, 3, 7], [5, 4, 2, 6, 3, 1, 7], [5, 4, 2, 6, 3, 7, 1], [1, 5, 4, 6, 2, 3, 7], [5, 1, 4, 6, 2, 3, 7], [5, 4, 1, 6, 2, 3, 7], [5, 4, 6, 1, 2, 3, 7], [5, 4, 6, 2, 1, 3, 7], [5, 4, 6, 2, 3, 1, 7], [5, 4, 6, 2, 3, 7, 1], [1, 5, 4, 6, 3, 2, 7], [5, 1, 4, 6, 3, 2, 7], [5, 4, 1, 6, 3, 2, 7], [5, 4, 6, 1, 3, 2, 7], [5, 4, 6, 3, 1, 2, 7], [5, 4, 6, 3, 2, 1, 7], [5, 4, 6, 3, 2, 7, 1], [1, 5, 4, 6, 3, 7, 2], [5, 1, 4, 6, 3, 7, 2], [5, 4, 1, 6, 3, 7, 2], [5, 4, 6, 1, 3, 7, 2], [5, 4, 6, 3, 1, 7, 2], [5, 4, 6, 3, 7, 1, 2], [5, 4, 6, 3, 7, 2, 1], [1, 2, 5, 4, 6, 7, 3], [2, 1, 5, 4, 6, 7, 3], [2, 5, 1, 4, 6, 7, 3], [2, 5, 4, 1, 6, 7, 3], [2, 5, 4, 6, 1, 7, 3], [2, 5, 4, 6, 7, 1, 3], [2, 5, 4, 6, 7, 3, 1], [1, 5, 2, 4, 6, 7, 3], [5, 1, 2, 4, 6, 7, 3], [5, 2, 1, 4, 6, 7, 3], [5, 2, 4, 1, 6, 7, 3], [5, 2, 4, 6, 1, 7, 3], [5, 2, 4, 6, 7, 1, 3], [5, 2, 4, 6, 7, 3, 1], [1, 5, 4, 2, 6, 7, 3], [5, 1, 4, 2, 6, 7, 3], [5, 4, 1, 2, 6, 7, 3], [5, 4, 2, 1, 6, 7, 3], [5, 4, 2, 6, 1, 7, 3], [5, 4, 2, 6, 7, 1, 3], [5, 4, 2, 6, 7, 3, 1], [1, 5, 4, 6, 2, 7, 3], [5, 1, 4, 6, 2, 7, 3], [5, 4, 1, 6, 2, 7, 3], [5, 4, 6, 1, 2, 7, 3], [5, 4, 6, 2, 1, 7, 3], [5, 4, 6, 2, 7, 1, 3], [5, 4, 6, 2, 7, 3, 1], [1, 5, 4, 6, 7, 2, 3], [5, 1, 4, 6, 7, 2, 3], [5, 4, 1, 6, 7, 2, 3], [5, 4, 6, 1, 7, 2, 3], [5, 4, 6, 7, 1, 2, 3], [5, 4, 6, 7, 2, 1, 3], [5, 4, 6, 7, 2, 3, 1], [1, 5, 4, 6, 7, 3, 2], [5, 1, 4, 6, 7, 3, 2], [5, 4, 1, 6, 7, 3, 2], [5, 4, 6, 1, 7, 3, 2], [5, 4, 6, 7, 1, 3, 2], [5, 4, 6, 7, 3, 1, 2], [5, 4, 6, 7, 3, 2, 1], [1, 2, 3, 5, 6, 4, 7], [2, 1, 3, 5, 6, 4, 7], [2, 3, 1, 5, 6, 4, 7], [2, 3, 5, 1, 6, 4, 7], [2, 3, 5, 6, 1, 4, 7], [2, 3, 5, 6, 4, 1, 7], [2, 3, 5, 6, 4, 7, 1], [1, 3, 2, 5, 6, 4, 7], [3, 1, 2, 5, 6, 4, 7], [3, 2, 1, 5, 6, 4, 7], [3, 2, 5, 1, 6, 4, 7], [3, 2, 5, 6, 1, 4, 7], [3, 2, 5, 6, 4, 1, 7], [3, 2, 5, 6, 4, 7, 1], [1, 3, 5, 2, 6, 4, 7], [3, 1, 5, 2, 6, 4, 7], [3, 5, 1, 2, 6, 4, 7], [3, 5, 2, 1, 6, 4, 7], [3, 5, 2, 6, 1, 4, 7], [3, 5, 2, 6, 4, 1, 7], [3, 5, 2, 6, 4, 7, 1], [1, 3, 5, 6, 2, 4, 7], [3, 1, 5, 6, 2, 4, 7], [3, 5, 1, 6, 2, 4, 7], [3, 5, 6, 1, 2, 4, 7], [3, 5, 6, 2, 1, 4, 7], [3, 5, 6, 2, 4, 1, 7], [3, 5, 6, 2, 4, 7, 1], [1, 3, 5, 6, 4, 2, 7], [3, 1, 5, 6, 4, 2, 7], [3, 5, 1, 6, 4, 2, 7], [3, 5, 6, 1, 4, 2, 7], [3, 5, 6, 4, 1, 2, 7], [3, 5, 6, 4, 2, 1, 7], [3, 5, 6, 4, 2, 7, 1], [1, 3, 5, 6, 4, 7, 2], [3, 1, 5, 6, 4, 7, 2], [3, 5, 1, 6, 4, 7, 2], [3, 5, 6, 1, 4, 7, 2], [3, 5, 6, 4, 1, 7, 2], [3, 5, 6, 4, 7, 1, 2], [3, 5, 6, 4, 7, 2, 1], [1, 2, 5, 3, 6, 4, 7], [2, 1, 5, 3, 6, 4, 7], [2, 5, 1, 3, 6, 4, 7], [2, 5, 3, 1, 6, 4, 7], [2, 5, 3, 6, 1, 4, 7], [2, 5, 3, 6, 4, 1, 7], [2, 5, 3, 6, 4, 7, 1], [1, 5, 2, 3, 6, 4, 7], [5, 1, 2, 3, 6, 4, 7], [5, 2, 1, 3, 6, 4, 7], [5, 2, 3, 1, 6, 4, 7], [5, 2, 3, 6, 1, 4, 7], [5, 2, 3, 6, 4, 1, 7], [5, 2, 3, 6, 4, 7, 1], [1, 5, 3, 2, 6, 4, 7], [5, 1, 3, 2, 6, 4, 7], [5, 3, 1, 2, 6, 4, 7], [5, 3, 2, 1, 6, 4, 7], [5, 3, 2, 6, 1, 4, 7], [5, 3, 2, 6, 4, 1, 7], [5, 3, 2, 6, 4, 7, 1], [1, 5, 3, 6, 2, 4, 7], [5, 1, 3, 6, 2, 4, 7], [5, 3, 1, 6, 2, 4, 7], [5, 3, 6, 1, 2, 4, 7], [5, 3, 6, 2, 1, 4, 7], [5, 3, 6, 2, 4, 1, 7], [5, 3, 6, 2, 4, 7, 1], [1, 5, 3, 6, 4, 2, 7], [5, 1, 3, 6, 4, 2, 7], [5, 3, 1, 6, 4, 2, 7], [5, 3, 6, 1, 4, 2, 7], [5, 3, 6, 4, 1, 2, 7], [5, 3, 6, 4, 2, 1, 7], [5, 3, 6, 4, 2, 7, 1], [1, 5, 3, 6, 4, 7, 2], [5, 1, 3, 6, 4, 7, 2], [5, 3, 1, 6, 4, 7, 2], [5, 3, 6, 1, 4, 7, 2], [5, 3, 6, 4, 1, 7, 2], [5, 3, 6, 4, 7, 1, 2], [5, 3, 6, 4, 7, 2, 1], [1, 2, 5, 6, 3, 4, 7], [2, 1, 5, 6, 3, 4, 7], [2, 5, 1, 6, 3, 4, 7], [2, 5, 6, 1, 3, 4, 7], [2, 5, 6, 3, 1, 4, 7], [2, 5, 6, 3, 4, 1, 7], [2, 5, 6, 3, 4, 7, 1], [1, 5, 2, 6, 3, 4, 7], [5, 1, 2, 6, 3, 4, 7], [5, 2, 1, 6, 3, 4, 7], [5, 2, 6, 1, 3, 4, 7], [5, 2, 6, 3, 1, 4, 7], [5, 2, 6, 3, 4, 1, 7], [5, 2, 6, 3, 4, 7, 1], [1, 5, 6, 2, 3, 4, 7], [5, 1, 6, 2, 3, 4, 7], [5, 6, 1, 2, 3, 4, 7], [5, 6, 2, 1, 3, 4, 7], [5, 6, 2, 3, 1, 4, 7], [5, 6, 2, 3, 4, 1, 7], [5, 6, 2, 3, 4, 7, 1], [1, 5, 6, 3, 2, 4, 7], [5, 1, 6, 3, 2, 4, 7], [5, 6, 1, 3, 2, 4, 7], [5, 6, 3, 1, 2, 4, 7], [5, 6, 3, 2, 1, 4, 7], [5, 6, 3, 2, 4, 1, 7], [5, 6, 3, 2, 4, 7, 1], [1, 5, 6, 3, 4, 2, 7], [5, 1, 6, 3, 4, 2, 7], [5, 6, 1, 3, 4, 2, 7], [5, 6, 3, 1, 4, 2, 7], [5, 6, 3, 4, 1, 2, 7], [5, 6, 3, 4, 2, 1, 7], [5, 6, 3, 4, 2, 7, 1], [1, 5, 6, 3, 4, 7, 2], [5, 1, 6, 3, 4, 7, 2], [5, 6, 1, 3, 4, 7, 2], [5, 6, 3, 1, 4, 7, 2], [5, 6, 3, 4, 1, 7, 2], [5, 6, 3, 4, 7, 1, 2], [5, 6, 3, 4, 7, 2, 1], [1, 2, 5, 6, 4, 3, 7], [2, 1, 5, 6, 4, 3, 7], [2, 5, 1, 6, 4, 3, 7], [2, 5, 6, 1, 4, 3, 7], [2, 5, 6, 4, 1, 3, 7], [2, 5, 6, 4, 3, 1, 7], [2, 5, 6, 4, 3, 7, 1], [1, 5, 2, 6, 4, 3, 7], [5, 1, 2, 6, 4, 3, 7], [5, 2, 1, 6, 4, 3, 7], [5, 2, 6, 1, 4, 3, 7], [5, 2, 6, 4, 1, 3, 7], [5, 2, 6, 4, 3, 1, 7], [5, 2, 6, 4, 3, 7, 1], [1, 5, 6, 2, 4, 3, 7], [5, 1, 6, 2, 4, 3, 7], [5, 6, 1, 2, 4, 3, 7], [5, 6, 2, 1, 4, 3, 7], [5, 6, 2, 4, 1, 3, 7], [5, 6, 2, 4, 3, 1, 7], [5, 6, 2, 4, 3, 7, 1], [1, 5, 6, 4, 2, 3, 7], [5, 1, 6, 4, 2, 3, 7], [5, 6, 1, 4, 2, 3, 7], [5, 6, 4, 1, 2, 3, 7], [5, 6, 4, 2, 1, 3, 7], [5, 6, 4, 2, 3, 1, 7], [5, 6, 4, 2, 3, 7, 1], [1, 5, 6, 4, 3, 2, 7], [5, 1, 6, 4, 3, 2, 7], [5, 6, 1, 4, 3, 2, 7], [5, 6, 4, 1, 3, 2, 7], [5, 6, 4, 3, 1, 2, 7], [5, 6, 4, 3, 2, 1, 7], [5, 6, 4, 3, 2, 7, 1], [1, 5, 6, 4, 3, 7, 2], [5, 1, 6, 4, 3, 7, 2], [5, 6, 1, 4, 3, 7, 2], [5, 6, 4, 1, 3, 7, 2], [5, 6, 4, 3, 1, 7, 2], [5, 6, 4, 3, 7, 1, 2], [5, 6, 4, 3, 7, 2, 1], [1, 2, 5, 6, 4, 7, 3], [2, 1, 5, 6, 4, 7, 3], [2, 5, 1, 6, 4, 7, 3], [2, 5, 6, 1, 4, 7, 3], [2, 5, 6, 4, 1, 7, 3], [2, 5, 6, 4, 7, 1, 3], [2, 5, 6, 4, 7, 3, 1], [1, 5, 2, 6, 4, 7, 3], [5, 1, 2, 6, 4, 7, 3], [5, 2, 1, 6, 4, 7, 3], [5, 2, 6, 1, 4, 7, 3], [5, 2, 6, 4, 1, 7, 3], [5, 2, 6, 4, 7, 1, 3], [5, 2, 6, 4, 7, 3, 1], [1, 5, 6, 2, 4, 7, 3], [5, 1, 6, 2, 4, 7, 3], [5, 6, 1, 2, 4, 7, 3], [5, 6, 2, 1, 4, 7, 3], [5, 6, 2, 4, 1, 7, 3], [5, 6, 2, 4, 7, 1, 3], [5, 6, 2, 4, 7, 3, 1], [1, 5, 6, 4, 2, 7, 3], [5, 1, 6, 4, 2, 7, 3], [5, 6, 1, 4, 2, 7, 3], [5, 6, 4, 1, 2, 7, 3], [5, 6, 4, 2, 1, 7, 3], [5, 6, 4, 2, 7, 1, 3], [5, 6, 4, 2, 7, 3, 1], [1, 5, 6, 4, 7, 2, 3], [5, 1, 6, 4, 7, 2, 3], [5, 6, 1, 4, 7, 2, 3], [5, 6, 4, 1, 7, 2, 3], [5, 6, 4, 7, 1, 2, 3], [5, 6, 4, 7, 2, 1, 3], [5, 6, 4, 7, 2, 3, 1], [1, 5, 6, 4, 7, 3, 2], [5, 1, 6, 4, 7, 3, 2], [5, 6, 1, 4, 7, 3, 2], [5, 6, 4, 1, 7, 3, 2], [5, 6, 4, 7, 1, 3, 2], [5, 6, 4, 7, 3, 1, 2], [5, 6, 4, 7, 3, 2, 1], [1, 2, 3, 5, 6, 7, 4], [2, 1, 3, 5, 6, 7, 4], [2, 3, 1, 5, 6, 7, 4], [2, 3, 5, 1, 6, 7, 4], [2, 3, 5, 6, 1, 7, 4], [2, 3, 5, 6, 7, 1, 4], [2, 3, 5, 6, 7, 4, 1], [1, 3, 2, 5, 6, 7, 4], [3, 1, 2, 5, 6, 7, 4], [3, 2, 1, 5, 6, 7, 4], [3, 2, 5, 1, 6, 7, 4], [3, 2, 5, 6, 1, 7, 4], [3, 2, 5, 6, 7, 1, 4], [3, 2, 5, 6, 7, 4, 1], [1, 3, 5, 2, 6, 7, 4], [3, 1, 5, 2, 6, 7, 4], [3, 5, 1, 2, 6, 7, 4], [3, 5, 2, 1, 6, 7, 4], [3, 5, 2, 6, 1, 7, 4], [3, 5, 2, 6, 7, 1, 4], [3, 5, 2, 6, 7, 4, 1], [1, 3, 5, 6, 2, 7, 4], [3, 1, 5, 6, 2, 7, 4], [3, 5, 1, 6, 2, 7, 4], [3, 5, 6, 1, 2, 7, 4], [3, 5, 6, 2, 1, 7, 4], [3, 5, 6, 2, 7, 1, 4], [3, 5, 6, 2, 7, 4, 1], [1, 3, 5, 6, 7, 2, 4], [3, 1, 5, 6, 7, 2, 4], [3, 5, 1, 6, 7, 2, 4], [3, 5, 6, 1, 7, 2, 4], [3, 5, 6, 7, 1, 2, 4], [3, 5, 6, 7, 2, 1, 4], [3, 5, 6, 7, 2, 4, 1], [1, 3, 5, 6, 7, 4, 2], [3, 1, 5, 6, 7, 4, 2], [3, 5, 1, 6, 7, 4, 2], [3, 5, 6, 1, 7, 4, 2], [3, 5, 6, 7, 1, 4, 2], [3, 5, 6, 7, 4, 1, 2], [3, 5, 6, 7, 4, 2, 1], [1, 2, 5, 3, 6, 7, 4], [2, 1, 5, 3, 6, 7, 4], [2, 5, 1, 3, 6, 7, 4], [2, 5, 3, 1, 6, 7, 4], [2, 5, 3, 6, 1, 7, 4], [2, 5, 3, 6, 7, 1, 4], [2, 5, 3, 6, 7, 4, 1], [1, 5, 2, 3, 6, 7, 4], [5, 1, 2, 3, 6, 7, 4], [5, 2, 1, 3, 6, 7, 4], [5, 2, 3, 1, 6, 7, 4], [5, 2, 3, 6, 1, 7, 4], [5, 2, 3, 6, 7, 1, 4], [5, 2, 3, 6, 7, 4, 1], [1, 5, 3, 2, 6, 7, 4], [5, 1, 3, 2, 6, 7, 4], [5, 3, 1, 2, 6, 7, 4], [5, 3, 2, 1, 6, 7, 4], [5, 3, 2, 6, 1, 7, 4], [5, 3, 2, 6, 7, 1, 4], [5, 3, 2, 6, 7, 4, 1], [1, 5, 3, 6, 2, 7, 4], [5, 1, 3, 6, 2, 7, 4], [5, 3, 1, 6, 2, 7, 4], [5, 3, 6, 1, 2, 7, 4], [5, 3, 6, 2, 1, 7, 4], [5, 3, 6, 2, 7, 1, 4], [5, 3, 6, 2, 7, 4, 1], [1, 5, 3, 6, 7, 2, 4], [5, 1, 3, 6, 7, 2, 4], [5, 3, 1, 6, 7, 2, 4], [5, 3, 6, 1, 7, 2, 4], [5, 3, 6, 7, 1, 2, 4], [5, 3, 6, 7, 2, 1, 4], [5, 3, 6, 7, 2, 4, 1], [1, 5, 3, 6, 7, 4, 2], [5, 1, 3, 6, 7, 4, 2], [5, 3, 1, 6, 7, 4, 2], [5, 3, 6, 1, 7, 4, 2], [5, 3, 6, 7, 1, 4, 2], [5, 3, 6, 7, 4, 1, 2], [5, 3, 6, 7, 4, 2, 1], [1, 2, 5, 6, 3, 7, 4], [2, 1, 5, 6, 3, 7, 4], [2, 5, 1, 6, 3, 7, 4], [2, 5, 6, 1, 3, 7, 4], [2, 5, 6, 3, 1, 7, 4], [2, 5, 6, 3, 7, 1, 4], [2, 5, 6, 3, 7, 4, 1], [1, 5, 2, 6, 3, 7, 4], [5, 1, 2, 6, 3, 7, 4], [5, 2, 1, 6, 3, 7, 4], [5, 2, 6, 1, 3, 7, 4], [5, 2, 6, 3, 1, 7, 4], [5, 2, 6, 3, 7, 1, 4], [5, 2, 6, 3, 7, 4, 1], [1, 5, 6, 2, 3, 7, 4], [5, 1, 6, 2, 3, 7, 4], [5, 6, 1, 2, 3, 7, 4], [5, 6, 2, 1, 3, 7, 4], [5, 6, 2, 3, 1, 7, 4], [5, 6, 2, 3, 7, 1, 4], [5, 6, 2, 3, 7, 4, 1], [1, 5, 6, 3, 2, 7, 4], [5, 1, 6, 3, 2, 7, 4], [5, 6, 1, 3, 2, 7, 4], [5, 6, 3, 1, 2, 7, 4], [5, 6, 3, 2, 1, 7, 4], [5, 6, 3, 2, 7, 1, 4], [5, 6, 3, 2, 7, 4, 1], [1, 5, 6, 3, 7, 2, 4], [5, 1, 6, 3, 7, 2, 4], [5, 6, 1, 3, 7, 2, 4], [5, 6, 3, 1, 7, 2, 4], [5, 6, 3, 7, 1, 2, 4], [5, 6, 3, 7, 2, 1, 4], [5, 6, 3, 7, 2, 4, 1], [1, 5, 6, 3, 7, 4, 2], [5, 1, 6, 3, 7, 4, 2], [5, 6, 1, 3, 7, 4, 2], [5, 6, 3, 1, 7, 4, 2], [5, 6, 3, 7, 1, 4, 2], [5, 6, 3, 7, 4, 1, 2], [5, 6, 3, 7, 4, 2, 1], [1, 2, 5, 6, 7, 3, 4], [2, 1, 5, 6, 7, 3, 4], [2, 5, 1, 6, 7, 3, 4], [2, 5, 6, 1, 7, 3, 4], [2, 5, 6, 7, 1, 3, 4], [2, 5, 6, 7, 3, 1, 4], [2, 5, 6, 7, 3, 4, 1], [1, 5, 2, 6, 7, 3, 4], [5, 1, 2, 6, 7, 3, 4], [5, 2, 1, 6, 7, 3, 4], [5, 2, 6, 1, 7, 3, 4], [5, 2, 6, 7, 1, 3, 4], [5, 2, 6, 7, 3, 1, 4], [5, 2, 6, 7, 3, 4, 1], [1, 5, 6, 2, 7, 3, 4], [5, 1, 6, 2, 7, 3, 4], [5, 6, 1, 2, 7, 3, 4], [5, 6, 2, 1, 7, 3, 4], [5, 6, 2, 7, 1, 3, 4], [5, 6, 2, 7, 3, 1, 4], [5, 6, 2, 7, 3, 4, 1], [1, 5, 6, 7, 2, 3, 4], [5, 1, 6, 7, 2, 3, 4], [5, 6, 1, 7, 2, 3, 4], [5, 6, 7, 1, 2, 3, 4], [5, 6, 7, 2, 1, 3, 4], [5, 6, 7, 2, 3, 1, 4], [5, 6, 7, 2, 3, 4, 1], [1, 5, 6, 7, 3, 2, 4], [5, 1, 6, 7, 3, 2, 4], [5, 6, 1, 7, 3, 2, 4], [5, 6, 7, 1, 3, 2, 4], [5, 6, 7, 3, 1, 2, 4], [5, 6, 7, 3, 2, 1, 4], [5, 6, 7, 3, 2, 4, 1], [1, 5, 6, 7, 3, 4, 2], [5, 1, 6, 7, 3, 4, 2], [5, 6, 1, 7, 3, 4, 2], [5, 6, 7, 1, 3, 4, 2], [5, 6, 7, 3, 1, 4, 2], [5, 6, 7, 3, 4, 1, 2], [5, 6, 7, 3, 4, 2, 1], [1, 2, 5, 6, 7, 4, 3], [2, 1, 5, 6, 7, 4, 3], [2, 5, 1, 6, 7, 4, 3], [2, 5, 6, 1, 7, 4, 3], [2, 5, 6, 7, 1, 4, 3], [2, 5, 6, 7, 4, 1, 3], [2, 5, 6, 7, 4, 3, 1], [1, 5, 2, 6, 7, 4, 3], [5, 1, 2, 6, 7, 4, 3], [5, 2, 1, 6, 7, 4, 3], [5, 2, 6, 1, 7, 4, 3], [5, 2, 6, 7, 1, 4, 3], [5, 2, 6, 7, 4, 1, 3], [5, 2, 6, 7, 4, 3, 1], [1, 5, 6, 2, 7, 4, 3], [5, 1, 6, 2, 7, 4, 3], [5, 6, 1, 2, 7, 4, 3], [5, 6, 2, 1, 7, 4, 3], [5, 6, 2, 7, 1, 4, 3], [5, 6, 2, 7, 4, 1, 3], [5, 6, 2, 7, 4, 3, 1], [1, 5, 6, 7, 2, 4, 3], [5, 1, 6, 7, 2, 4, 3], [5, 6, 1, 7, 2, 4, 3], [5, 6, 7, 1, 2, 4, 3], [5, 6, 7, 2, 1, 4, 3], [5, 6, 7, 2, 4, 1, 3], [5, 6, 7, 2, 4, 3, 1], [1, 5, 6, 7, 4, 2, 3], [5, 1, 6, 7, 4, 2, 3], [5, 6, 1, 7, 4, 2, 3], [5, 6, 7, 1, 4, 2, 3], [5, 6, 7, 4, 1, 2, 3], [5, 6, 7, 4, 2, 1, 3], [5, 6, 7, 4, 2, 3, 1], [1, 5, 6, 7, 4, 3, 2], [5, 1, 6, 7, 4, 3, 2], [5, 6, 1, 7, 4, 3, 2], [5, 6, 7, 1, 4, 3, 2], [5, 6, 7, 4, 1, 3, 2], [5, 6, 7, 4, 3, 1, 2], [5, 6, 7, 4, 3, 2, 1], [1, 2, 3, 4, 6, 5, 7], [2, 1, 3, 4, 6, 5, 7], [2, 3, 1, 4, 6, 5, 7], [2, 3, 4, 1, 6, 5, 7], [2, 3, 4, 6, 1, 5, 7], [2, 3, 4, 6, 5, 1, 7], [2, 3, 4, 6, 5, 7, 1], [1, 3, 2, 4, 6, 5, 7], [3, 1, 2, 4, 6, 5, 7], [3, 2, 1, 4, 6, 5, 7], [3, 2, 4, 1, 6, 5, 7], [3, 2, 4, 6, 1, 5, 7], [3, 2, 4, 6, 5, 1, 7], [3, 2, 4, 6, 5, 7, 1], [1, 3, 4, 2, 6, 5, 7], [3, 1, 4, 2, 6, 5, 7], [3, 4, 1, 2, 6, 5, 7], [3, 4, 2, 1, 6, 5, 7], [3, 4, 2, 6, 1, 5, 7], [3, 4, 2, 6, 5, 1, 7], [3, 4, 2, 6, 5, 7, 1], [1, 3, 4, 6, 2, 5, 7], [3, 1, 4, 6, 2, 5, 7], [3, 4, 1, 6, 2, 5, 7], [3, 4, 6, 1, 2, 5, 7], [3, 4, 6, 2, 1, 5, 7], [3, 4, 6, 2, 5, 1, 7], [3, 4, 6, 2, 5, 7, 1], [1, 3, 4, 6, 5, 2, 7], [3, 1, 4, 6, 5, 2, 7], [3, 4, 1, 6, 5, 2, 7], [3, 4, 6, 1, 5, 2, 7], [3, 4, 6, 5, 1, 2, 7], [3, 4, 6, 5, 2, 1, 7], [3, 4, 6, 5, 2, 7, 1], [1, 3, 4, 6, 5, 7, 2], [3, 1, 4, 6, 5, 7, 2], [3, 4, 1, 6, 5, 7, 2], [3, 4, 6, 1, 5, 7, 2], [3, 4, 6, 5, 1, 7, 2], [3, 4, 6, 5, 7, 1, 2], [3, 4, 6, 5, 7, 2, 1], [1, 2, 4, 3, 6, 5, 7], [2, 1, 4, 3, 6, 5, 7], [2, 4, 1, 3, 6, 5, 7], [2, 4, 3, 1, 6, 5, 7], [2, 4, 3, 6, 1, 5, 7], [2, 4, 3, 6, 5, 1, 7], [2, 4, 3, 6, 5, 7, 1], [1, 4, 2, 3, 6, 5, 7], [4, 1, 2, 3, 6, 5, 7], [4, 2, 1, 3, 6, 5, 7], [4, 2, 3, 1, 6, 5, 7], [4, 2, 3, 6, 1, 5, 7], [4, 2, 3, 6, 5, 1, 7], [4, 2, 3, 6, 5, 7, 1], [1, 4, 3, 2, 6, 5, 7], [4, 1, 3, 2, 6, 5, 7], [4, 3, 1, 2, 6, 5, 7], [4, 3, 2, 1, 6, 5, 7], [4, 3, 2, 6, 1, 5, 7], [4, 3, 2, 6, 5, 1, 7], [4, 3, 2, 6, 5, 7, 1], [1, 4, 3, 6, 2, 5, 7], [4, 1, 3, 6, 2, 5, 7], [4, 3, 1, 6, 2, 5, 7], [4, 3, 6, 1, 2, 5, 7], [4, 3, 6, 2, 1, 5, 7], [4, 3, 6, 2, 5, 1, 7], [4, 3, 6, 2, 5, 7, 1], [1, 4, 3, 6, 5, 2, 7], [4, 1, 3, 6, 5, 2, 7], [4, 3, 1, 6, 5, 2, 7], [4, 3, 6, 1, 5, 2, 7], [4, 3, 6, 5, 1, 2, 7], [4, 3, 6, 5, 2, 1, 7], [4, 3, 6, 5, 2, 7, 1], [1, 4, 3, 6, 5, 7, 2], [4, 1, 3, 6, 5, 7, 2], [4, 3, 1, 6, 5, 7, 2], [4, 3, 6, 1, 5, 7, 2], [4, 3, 6, 5, 1, 7, 2], [4, 3, 6, 5, 7, 1, 2], [4, 3, 6, 5, 7, 2, 1], [1, 2, 4, 6, 3, 5, 7], [2, 1, 4, 6, 3, 5, 7], [2, 4, 1, 6, 3, 5, 7], [2, 4, 6, 1, 3, 5, 7], [2, 4, 6, 3, 1, 5, 7], [2, 4, 6, 3, 5, 1, 7], [2, 4, 6, 3, 5, 7, 1], [1, 4, 2, 6, 3, 5, 7], [4, 1, 2, 6, 3, 5, 7], [4, 2, 1, 6, 3, 5, 7], [4, 2, 6, 1, 3, 5, 7], [4, 2, 6, 3, 1, 5, 7], [4, 2, 6, 3, 5, 1, 7], [4, 2, 6, 3, 5, 7, 1], [1, 4, 6, 2, 3, 5, 7], [4, 1, 6, 2, 3, 5, 7], [4, 6, 1, 2, 3, 5, 7], [4, 6, 2, 1, 3, 5, 7], [4, 6, 2, 3, 1, 5, 7], [4, 6, 2, 3, 5, 1, 7], [4, 6, 2, 3, 5, 7, 1], [1, 4, 6, 3, 2, 5, 7], [4, 1, 6, 3, 2, 5, 7], [4, 6, 1, 3, 2, 5, 7], [4, 6, 3, 1, 2, 5, 7], [4, 6, 3, 2, 1, 5, 7], [4, 6, 3, 2, 5, 1, 7], [4, 6, 3, 2, 5, 7, 1], [1, 4, 6, 3, 5, 2, 7], [4, 1, 6, 3, 5, 2, 7], [4, 6, 1, 3, 5, 2, 7], [4, 6, 3, 1, 5, 2, 7], [4, 6, 3, 5, 1, 2, 7], [4, 6, 3, 5, 2, 1, 7], [4, 6, 3, 5, 2, 7, 1], [1, 4, 6, 3, 5, 7, 2], [4, 1, 6, 3, 5, 7, 2], [4, 6, 1, 3, 5, 7, 2], [4, 6, 3, 1, 5, 7, 2], [4, 6, 3, 5, 1, 7, 2], [4, 6, 3, 5, 7, 1, 2], [4, 6, 3, 5, 7, 2, 1], [1, 2, 4, 6, 5, 3, 7], [2, 1, 4, 6, 5, 3, 7], [2, 4, 1, 6, 5, 3, 7], [2, 4, 6, 1, 5, 3, 7], [2, 4, 6, 5, 1, 3, 7], [2, 4, 6, 5, 3, 1, 7], [2, 4, 6, 5, 3, 7, 1], [1, 4, 2, 6, 5, 3, 7], [4, 1, 2, 6, 5, 3, 7], [4, 2, 1, 6, 5, 3, 7], [4, 2, 6, 1, 5, 3, 7], [4, 2, 6, 5, 1, 3, 7], [4, 2, 6, 5, 3, 1, 7], [4, 2, 6, 5, 3, 7, 1], [1, 4, 6, 2, 5, 3, 7], [4, 1, 6, 2, 5, 3, 7], [4, 6, 1, 2, 5, 3, 7], [4, 6, 2, 1, 5, 3, 7], [4, 6, 2, 5, 1, 3, 7], [4, 6, 2, 5, 3, 1, 7], [4, 6, 2, 5, 3, 7, 1], [1, 4, 6, 5, 2, 3, 7], [4, 1, 6, 5, 2, 3, 7], [4, 6, 1, 5, 2, 3, 7], [4, 6, 5, 1, 2, 3, 7], [4, 6, 5, 2, 1, 3, 7], [4, 6, 5, 2, 3, 1, 7], [4, 6, 5, 2, 3, 7, 1], [1, 4, 6, 5, 3, 2, 7], [4, 1, 6, 5, 3, 2, 7], [4, 6, 1, 5, 3, 2, 7], [4, 6, 5, 1, 3, 2, 7], [4, 6, 5, 3, 1, 2, 7], [4, 6, 5, 3, 2, 1, 7], [4, 6, 5, 3, 2, 7, 1], [1, 4, 6, 5, 3, 7, 2], [4, 1, 6, 5, 3, 7, 2], [4, 6, 1, 5, 3, 7, 2], [4, 6, 5, 1, 3, 7, 2], [4, 6, 5, 3, 1, 7, 2], [4, 6, 5, 3, 7, 1, 2], [4, 6, 5, 3, 7, 2, 1], [1, 2, 4, 6, 5, 7, 3], [2, 1, 4, 6, 5, 7, 3], [2, 4, 1, 6, 5, 7, 3], [2, 4, 6, 1, 5, 7, 3], [2, 4, 6, 5, 1, 7, 3], [2, 4, 6, 5, 7, 1, 3], [2, 4, 6, 5, 7, 3, 1], [1, 4, 2, 6, 5, 7, 3], [4, 1, 2, 6, 5, 7, 3], [4, 2, 1, 6, 5, 7, 3], [4, 2, 6, 1, 5, 7, 3], [4, 2, 6, 5, 1, 7, 3], [4, 2, 6, 5, 7, 1, 3], [4, 2, 6, 5, 7, 3, 1], [1, 4, 6, 2, 5, 7, 3], [4, 1, 6, 2, 5, 7, 3], [4, 6, 1, 2, 5, 7, 3], [4, 6, 2, 1, 5, 7, 3], [4, 6, 2, 5, 1, 7, 3], [4, 6, 2, 5, 7, 1, 3], [4, 6, 2, 5, 7, 3, 1], [1, 4, 6, 5, 2, 7, 3], [4, 1, 6, 5, 2, 7, 3], [4, 6, 1, 5, 2, 7, 3], [4, 6, 5, 1, 2, 7, 3], [4, 6, 5, 2, 1, 7, 3], [4, 6, 5, 2, 7, 1, 3], [4, 6, 5, 2, 7, 3, 1], [1, 4, 6, 5, 7, 2, 3], [4, 1, 6, 5, 7, 2, 3], [4, 6, 1, 5, 7, 2, 3], [4, 6, 5, 1, 7, 2, 3], [4, 6, 5, 7, 1, 2, 3], [4, 6, 5, 7, 2, 1, 3], [4, 6, 5, 7, 2, 3, 1], [1, 4, 6, 5, 7, 3, 2], [4, 1, 6, 5, 7, 3, 2], [4, 6, 1, 5, 7, 3, 2], [4, 6, 5, 1, 7, 3, 2], [4, 6, 5, 7, 1, 3, 2], [4, 6, 5, 7, 3, 1, 2], [4, 6, 5, 7, 3, 2, 1], [1, 2, 3, 6, 4, 5, 7], [2, 1, 3, 6, 4, 5, 7], [2, 3, 1, 6, 4, 5, 7], [2, 3, 6, 1, 4, 5, 7], [2, 3, 6, 4, 1, 5, 7], [2, 3, 6, 4, 5, 1, 7], [2, 3, 6, 4, 5, 7, 1], [1, 3, 2, 6, 4, 5, 7], [3, 1, 2, 6, 4, 5, 7], [3, 2, 1, 6, 4, 5, 7], [3, 2, 6, 1, 4, 5, 7], [3, 2, 6, 4, 1, 5, 7], [3, 2, 6, 4, 5, 1, 7], [3, 2, 6, 4, 5, 7, 1], [1, 3, 6, 2, 4, 5, 7], [3, 1, 6, 2, 4, 5, 7], [3, 6, 1, 2, 4, 5, 7], [3, 6, 2, 1, 4, 5, 7], [3, 6, 2, 4, 1, 5, 7], [3, 6, 2, 4, 5, 1, 7], [3, 6, 2, 4, 5, 7, 1], [1, 3, 6, 4, 2, 5, 7], [3, 1, 6, 4, 2, 5, 7], [3, 6, 1, 4, 2, 5, 7], [3, 6, 4, 1, 2, 5, 7], [3, 6, 4, 2, 1, 5, 7], [3, 6, 4, 2, 5, 1, 7], [3, 6, 4, 2, 5, 7, 1], [1, 3, 6, 4, 5, 2, 7], [3, 1, 6, 4, 5, 2, 7], [3, 6, 1, 4, 5, 2, 7], [3, 6, 4, 1, 5, 2, 7], [3, 6, 4, 5, 1, 2, 7], [3, 6, 4, 5, 2, 1, 7], [3, 6, 4, 5, 2, 7, 1], [1, 3, 6, 4, 5, 7, 2], [3, 1, 6, 4, 5, 7, 2], [3, 6, 1, 4, 5, 7, 2], [3, 6, 4, 1, 5, 7, 2], [3, 6, 4, 5, 1, 7, 2], [3, 6, 4, 5, 7, 1, 2], [3, 6, 4, 5, 7, 2, 1], [1, 2, 6, 3, 4, 5, 7], [2, 1, 6, 3, 4, 5, 7], [2, 6, 1, 3, 4, 5, 7], [2, 6, 3, 1, 4, 5, 7], [2, 6, 3, 4, 1, 5, 7], [2, 6, 3, 4, 5, 1, 7], [2, 6, 3, 4, 5, 7, 1], [1, 6, 2, 3, 4, 5, 7], [6, 1, 2, 3, 4, 5, 7], [6, 2, 1, 3, 4, 5, 7], [6, 2, 3, 1, 4, 5, 7], [6, 2, 3, 4, 1, 5, 7], [6, 2, 3, 4, 5, 1, 7], [6, 2, 3, 4, 5, 7, 1], [1, 6, 3, 2, 4, 5, 7], [6, 1, 3, 2, 4, 5, 7], [6, 3, 1, 2, 4, 5, 7], [6, 3, 2, 1, 4, 5, 7], [6, 3, 2, 4, 1, 5, 7], [6, 3, 2, 4, 5, 1, 7], [6, 3, 2, 4, 5, 7, 1], [1, 6, 3, 4, 2, 5, 7], [6, 1, 3, 4, 2, 5, 7], [6, 3, 1, 4, 2, 5, 7], [6, 3, 4, 1, 2, 5, 7], [6, 3, 4, 2, 1, 5, 7], [6, 3, 4, 2, 5, 1, 7], [6, 3, 4, 2, 5, 7, 1], [1, 6, 3, 4, 5, 2, 7], [6, 1, 3, 4, 5, 2, 7], [6, 3, 1, 4, 5, 2, 7], [6, 3, 4, 1, 5, 2, 7], [6, 3, 4, 5, 1, 2, 7], [6, 3, 4, 5, 2, 1, 7], [6, 3, 4, 5, 2, 7, 1], [1, 6, 3, 4, 5, 7, 2], [6, 1, 3, 4, 5, 7, 2], [6, 3, 1, 4, 5, 7, 2], [6, 3, 4, 1, 5, 7, 2], [6, 3, 4, 5, 1, 7, 2], [6, 3, 4, 5, 7, 1, 2], [6, 3, 4, 5, 7, 2, 1], [1, 2, 6, 4, 3, 5, 7], [2, 1, 6, 4, 3, 5, 7], [2, 6, 1, 4, 3, 5, 7], [2, 6, 4, 1, 3, 5, 7], [2, 6, 4, 3, 1, 5, 7], [2, 6, 4, 3, 5, 1, 7], [2, 6, 4, 3, 5, 7, 1], [1, 6, 2, 4, 3, 5, 7], [6, 1, 2, 4, 3, 5, 7], [6, 2, 1, 4, 3, 5, 7], [6, 2, 4, 1, 3, 5, 7], [6, 2, 4, 3, 1, 5, 7], [6, 2, 4, 3, 5, 1, 7], [6, 2, 4, 3, 5, 7, 1], [1, 6, 4, 2, 3, 5, 7], [6, 1, 4, 2, 3, 5, 7], [6, 4, 1, 2, 3, 5, 7], [6, 4, 2, 1, 3, 5, 7], [6, 4, 2, 3, 1, 5, 7], [6, 4, 2, 3, 5, 1, 7], [6, 4, 2, 3, 5, 7, 1], [1, 6, 4, 3, 2, 5, 7], [6, 1, 4, 3, 2, 5, 7], [6, 4, 1, 3, 2, 5, 7], [6, 4, 3, 1, 2, 5, 7], [6, 4, 3, 2, 1, 5, 7], [6, 4, 3, 2, 5, 1, 7], [6, 4, 3, 2, 5, 7, 1], [1, 6, 4, 3, 5, 2, 7], [6, 1, 4, 3, 5, 2, 7], [6, 4, 1, 3, 5, 2, 7], [6, 4, 3, 1, 5, 2, 7], [6, 4, 3, 5, 1, 2, 7], [6, 4, 3, 5, 2, 1, 7], [6, 4, 3, 5, 2, 7, 1], [1, 6, 4, 3, 5, 7, 2], [6, 1, 4, 3, 5, 7, 2], [6, 4, 1, 3, 5, 7, 2], [6, 4, 3, 1, 5, 7, 2], [6, 4, 3, 5, 1, 7, 2], [6, 4, 3, 5, 7, 1, 2], [6, 4, 3, 5, 7, 2, 1], [1, 2, 6, 4, 5, 3, 7], [2, 1, 6, 4, 5, 3, 7], [2, 6, 1, 4, 5, 3, 7], [2, 6, 4, 1, 5, 3, 7], [2, 6, 4, 5, 1, 3, 7], [2, 6, 4, 5, 3, 1, 7], [2, 6, 4, 5, 3, 7, 1], [1, 6, 2, 4, 5, 3, 7], [6, 1, 2, 4, 5, 3, 7], [6, 2, 1, 4, 5, 3, 7], [6, 2, 4, 1, 5, 3, 7], [6, 2, 4, 5, 1, 3, 7], [6, 2, 4, 5, 3, 1, 7], [6, 2, 4, 5, 3, 7, 1], [1, 6, 4, 2, 5, 3, 7], [6, 1, 4, 2, 5, 3, 7], [6, 4, 1, 2, 5, 3, 7], [6, 4, 2, 1, 5, 3, 7], [6, 4, 2, 5, 1, 3, 7], [6, 4, 2, 5, 3, 1, 7], [6, 4, 2, 5, 3, 7, 1], [1, 6, 4, 5, 2, 3, 7], [6, 1, 4, 5, 2, 3, 7], [6, 4, 1, 5, 2, 3, 7], [6, 4, 5, 1, 2, 3, 7], [6, 4, 5, 2, 1, 3, 7], [6, 4, 5, 2, 3, 1, 7], [6, 4, 5, 2, 3, 7, 1], [1, 6, 4, 5, 3, 2, 7], [6, 1, 4, 5, 3, 2, 7], [6, 4, 1, 5, 3, 2, 7], [6, 4, 5, 1, 3, 2, 7], [6, 4, 5, 3, 1, 2, 7], [6, 4, 5, 3, 2, 1, 7], [6, 4, 5, 3, 2, 7, 1], [1, 6, 4, 5, 3, 7, 2], [6, 1, 4, 5, 3, 7, 2], [6, 4, 1, 5, 3, 7, 2], [6, 4, 5, 1, 3, 7, 2], [6, 4, 5, 3, 1, 7, 2], [6, 4, 5, 3, 7, 1, 2], [6, 4, 5, 3, 7, 2, 1], [1, 2, 6, 4, 5, 7, 3], [2, 1, 6, 4, 5, 7, 3], [2, 6, 1, 4, 5, 7, 3], [2, 6, 4, 1, 5, 7, 3], [2, 6, 4, 5, 1, 7, 3], [2, 6, 4, 5, 7, 1, 3], [2, 6, 4, 5, 7, 3, 1], [1, 6, 2, 4, 5, 7, 3], [6, 1, 2, 4, 5, 7, 3], [6, 2, 1, 4, 5, 7, 3], [6, 2, 4, 1, 5, 7, 3], [6, 2, 4, 5, 1, 7, 3], [6, 2, 4, 5, 7, 1, 3], [6, 2, 4, 5, 7, 3, 1], [1, 6, 4, 2, 5, 7, 3], [6, 1, 4, 2, 5, 7, 3], [6, 4, 1, 2, 5, 7, 3], [6, 4, 2, 1, 5, 7, 3], [6, 4, 2, 5, 1, 7, 3], [6, 4, 2, 5, 7, 1, 3], [6, 4, 2, 5, 7, 3, 1], [1, 6, 4, 5, 2, 7, 3], [6, 1, 4, 5, 2, 7, 3], [6, 4, 1, 5, 2, 7, 3], [6, 4, 5, 1, 2, 7, 3], [6, 4, 5, 2, 1, 7, 3], [6, 4, 5, 2, 7, 1, 3], [6, 4, 5, 2, 7, 3, 1], [1, 6, 4, 5, 7, 2, 3], [6, 1, 4, 5, 7, 2, 3], [6, 4, 1, 5, 7, 2, 3], [6, 4, 5, 1, 7, 2, 3], [6, 4, 5, 7, 1, 2, 3], [6, 4, 5, 7, 2, 1, 3], [6, 4, 5, 7, 2, 3, 1], [1, 6, 4, 5, 7, 3, 2], [6, 1, 4, 5, 7, 3, 2], [6, 4, 1, 5, 7, 3, 2], [6, 4, 5, 1, 7, 3, 2], [6, 4, 5, 7, 1, 3, 2], [6, 4, 5, 7, 3, 1, 2], [6, 4, 5, 7, 3, 2, 1], [1, 2, 3, 6, 5, 4, 7], [2, 1, 3, 6, 5, 4, 7], [2, 3, 1, 6, 5, 4, 7], [2, 3, 6, 1, 5, 4, 7], [2, 3, 6, 5, 1, 4, 7], [2, 3, 6, 5, 4, 1, 7], [2, 3, 6, 5, 4, 7, 1], [1, 3, 2, 6, 5, 4, 7], [3, 1, 2, 6, 5, 4, 7], [3, 2, 1, 6, 5, 4, 7], [3, 2, 6, 1, 5, 4, 7], [3, 2, 6, 5, 1, 4, 7], [3, 2, 6, 5, 4, 1, 7], [3, 2, 6, 5, 4, 7, 1], [1, 3, 6, 2, 5, 4, 7], [3, 1, 6, 2, 5, 4, 7], [3, 6, 1, 2, 5, 4, 7], [3, 6, 2, 1, 5, 4, 7], [3, 6, 2, 5, 1, 4, 7], [3, 6, 2, 5, 4, 1, 7], [3, 6, 2, 5, 4, 7, 1], [1, 3, 6, 5, 2, 4, 7], [3, 1, 6, 5, 2, 4, 7], [3, 6, 1, 5, 2, 4, 7], [3, 6, 5, 1, 2, 4, 7], [3, 6, 5, 2, 1, 4, 7], [3, 6, 5, 2, 4, 1, 7], [3, 6, 5, 2, 4, 7, 1], [1, 3, 6, 5, 4, 2, 7], [3, 1, 6, 5, 4, 2, 7], [3, 6, 1, 5, 4, 2, 7], [3, 6, 5, 1, 4, 2, 7], [3, 6, 5, 4, 1, 2, 7], [3, 6, 5, 4, 2, 1, 7], [3, 6, 5, 4, 2, 7, 1], [1, 3, 6, 5, 4, 7, 2], [3, 1, 6, 5, 4, 7, 2], [3, 6, 1, 5, 4, 7, 2], [3, 6, 5, 1, 4, 7, 2], [3, 6, 5, 4, 1, 7, 2], [3, 6, 5, 4, 7, 1, 2], [3, 6, 5, 4, 7, 2, 1], [1, 2, 6, 3, 5, 4, 7], [2, 1, 6, 3, 5, 4, 7], [2, 6, 1, 3, 5, 4, 7], [2, 6, 3, 1, 5, 4, 7], [2, 6, 3, 5, 1, 4, 7], [2, 6, 3, 5, 4, 1, 7], [2, 6, 3, 5, 4, 7, 1], [1, 6, 2, 3, 5, 4, 7], [6, 1, 2, 3, 5, 4, 7], [6, 2, 1, 3, 5, 4, 7], [6, 2, 3, 1, 5, 4, 7], [6, 2, 3, 5, 1, 4, 7], [6, 2, 3, 5, 4, 1, 7], [6, 2, 3, 5, 4, 7, 1], [1, 6, 3, 2, 5, 4, 7], [6, 1, 3, 2, 5, 4, 7], [6, 3, 1, 2, 5, 4, 7], [6, 3, 2, 1, 5, 4, 7], [6, 3, 2, 5, 1, 4, 7], [6, 3, 2, 5, 4, 1, 7], [6, 3, 2, 5, 4, 7, 1], [1, 6, 3, 5, 2, 4, 7], [6, 1, 3, 5, 2, 4, 7], [6, 3, 1, 5, 2, 4, 7], [6, 3, 5, 1, 2, 4, 7], [6, 3, 5, 2, 1, 4, 7], [6, 3, 5, 2, 4, 1, 7], [6, 3, 5, 2, 4, 7, 1], [1, 6, 3, 5, 4, 2, 7], [6, 1, 3, 5, 4, 2, 7], [6, 3, 1, 5, 4, 2, 7], [6, 3, 5, 1, 4, 2, 7], [6, 3, 5, 4, 1, 2, 7], [6, 3, 5, 4, 2, 1, 7], [6, 3, 5, 4, 2, 7, 1], [1, 6, 3, 5, 4, 7, 2], [6, 1, 3, 5, 4, 7, 2], [6, 3, 1, 5, 4, 7, 2], [6, 3, 5, 1, 4, 7, 2], [6, 3, 5, 4, 1, 7, 2], [6, 3, 5, 4, 7, 1, 2], [6, 3, 5, 4, 7, 2, 1], [1, 2, 6, 5, 3, 4, 7], [2, 1, 6, 5, 3, 4, 7], [2, 6, 1, 5, 3, 4, 7], [2, 6, 5, 1, 3, 4, 7], [2, 6, 5, 3, 1, 4, 7], [2, 6, 5, 3, 4, 1, 7], [2, 6, 5, 3, 4, 7, 1], [1, 6, 2, 5, 3, 4, 7], [6, 1, 2, 5, 3, 4, 7], [6, 2, 1, 5, 3, 4, 7], [6, 2, 5, 1, 3, 4, 7], [6, 2, 5, 3, 1, 4, 7], [6, 2, 5, 3, 4, 1, 7], [6, 2, 5, 3, 4, 7, 1], [1, 6, 5, 2, 3, 4, 7], [6, 1, 5, 2, 3, 4, 7], [6, 5, 1, 2, 3, 4, 7], [6, 5, 2, 1, 3, 4, 7], [6, 5, 2, 3, 1, 4, 7], [6, 5, 2, 3, 4, 1, 7], [6, 5, 2, 3, 4, 7, 1], [1, 6, 5, 3, 2, 4, 7], [6, 1, 5, 3, 2, 4, 7], [6, 5, 1, 3, 2, 4, 7], [6, 5, 3, 1, 2, 4, 7], [6, 5, 3, 2, 1, 4, 7], [6, 5, 3, 2, 4, 1, 7], [6, 5, 3, 2, 4, 7, 1], [1, 6, 5, 3, 4, 2, 7], [6, 1, 5, 3, 4, 2, 7], [6, 5, 1, 3, 4, 2, 7], [6, 5, 3, 1, 4, 2, 7], [6, 5, 3, 4, 1, 2, 7], [6, 5, 3, 4, 2, 1, 7], [6, 5, 3, 4, 2, 7, 1], [1, 6, 5, 3, 4, 7, 2], [6, 1, 5, 3, 4, 7, 2], [6, 5, 1, 3, 4, 7, 2], [6, 5, 3, 1, 4, 7, 2], [6, 5, 3, 4, 1, 7, 2], [6, 5, 3, 4, 7, 1, 2], [6, 5, 3, 4, 7, 2, 1], [1, 2, 6, 5, 4, 3, 7], [2, 1, 6, 5, 4, 3, 7], [2, 6, 1, 5, 4, 3, 7], [2, 6, 5, 1, 4, 3, 7], [2, 6, 5, 4, 1, 3, 7], [2, 6, 5, 4, 3, 1, 7], [2, 6, 5, 4, 3, 7, 1], [1, 6, 2, 5, 4, 3, 7], [6, 1, 2, 5, 4, 3, 7], [6, 2, 1, 5, 4, 3, 7], [6, 2, 5, 1, 4, 3, 7], [6, 2, 5, 4, 1, 3, 7], [6, 2, 5, 4, 3, 1, 7], [6, 2, 5, 4, 3, 7, 1], [1, 6, 5, 2, 4, 3, 7], [6, 1, 5, 2, 4, 3, 7], [6, 5, 1, 2, 4, 3, 7], [6, 5, 2, 1, 4, 3, 7], [6, 5, 2, 4, 1, 3, 7], [6, 5, 2, 4, 3, 1, 7], [6, 5, 2, 4, 3, 7, 1], [1, 6, 5, 4, 2, 3, 7], [6, 1, 5, 4, 2, 3, 7], [6, 5, 1, 4, 2, 3, 7], [6, 5, 4, 1, 2, 3, 7], [6, 5, 4, 2, 1, 3, 7], [6, 5, 4, 2, 3, 1, 7], [6, 5, 4, 2, 3, 7, 1], [1, 6, 5, 4, 3, 2, 7], [6, 1, 5, 4, 3, 2, 7], [6, 5, 1, 4, 3, 2, 7], [6, 5, 4, 1, 3, 2, 7], [6, 5, 4, 3, 1, 2, 7], [6, 5, 4, 3, 2, 1, 7], [6, 5, 4, 3, 2, 7, 1], [1, 6, 5, 4, 3, 7, 2], [6, 1, 5, 4, 3, 7, 2], [6, 5, 1, 4, 3, 7, 2], [6, 5, 4, 1, 3, 7, 2], [6, 5, 4, 3, 1, 7, 2], [6, 5, 4, 3, 7, 1, 2], [6, 5, 4, 3, 7, 2, 1], [1, 2, 6, 5, 4, 7, 3], [2, 1, 6, 5, 4, 7, 3], [2, 6, 1, 5, 4, 7, 3], [2, 6, 5, 1, 4, 7, 3], [2, 6, 5, 4, 1, 7, 3], [2, 6, 5, 4, 7, 1, 3], [2, 6, 5, 4, 7, 3, 1], [1, 6, 2, 5, 4, 7, 3], [6, 1, 2, 5, 4, 7, 3], [6, 2, 1, 5, 4, 7, 3], [6, 2, 5, 1, 4, 7, 3], [6, 2, 5, 4, 1, 7, 3], [6, 2, 5, 4, 7, 1, 3], [6, 2, 5, 4, 7, 3, 1], [1, 6, 5, 2, 4, 7, 3], [6, 1, 5, 2, 4, 7, 3], [6, 5, 1, 2, 4, 7, 3], [6, 5, 2, 1, 4, 7, 3], [6, 5, 2, 4, 1, 7, 3], [6, 5, 2, 4, 7, 1, 3], [6, 5, 2, 4, 7, 3, 1], [1, 6, 5, 4, 2, 7, 3], [6, 1, 5, 4, 2, 7, 3], [6, 5, 1, 4, 2, 7, 3], [6, 5, 4, 1, 2, 7, 3], [6, 5, 4, 2, 1, 7, 3], [6, 5, 4, 2, 7, 1, 3], [6, 5, 4, 2, 7, 3, 1], [1, 6, 5, 4, 7, 2, 3], [6, 1, 5, 4, 7, 2, 3], [6, 5, 1, 4, 7, 2, 3], [6, 5, 4, 1, 7, 2, 3], [6, 5, 4, 7, 1, 2, 3], [6, 5, 4, 7, 2, 1, 3], [6, 5, 4, 7, 2, 3, 1], [1, 6, 5, 4, 7, 3, 2], [6, 1, 5, 4, 7, 3, 2], [6, 5, 1, 4, 7, 3, 2], [6, 5, 4, 1, 7, 3, 2], [6, 5, 4, 7, 1, 3, 2], [6, 5, 4, 7, 3, 1, 2], [6, 5, 4, 7, 3, 2, 1], [1, 2, 3, 6, 5, 7, 4], [2, 1, 3, 6, 5, 7, 4], [2, 3, 1, 6, 5, 7, 4], [2, 3, 6, 1, 5, 7, 4], [2, 3, 6, 5, 1, 7, 4], [2, 3, 6, 5, 7, 1, 4], [2, 3, 6, 5, 7, 4, 1], [1, 3, 2, 6, 5, 7, 4], [3, 1, 2, 6, 5, 7, 4], [3, 2, 1, 6, 5, 7, 4], [3, 2, 6, 1, 5, 7, 4], [3, 2, 6, 5, 1, 7, 4], [3, 2, 6, 5, 7, 1, 4], [3, 2, 6, 5, 7, 4, 1], [1, 3, 6, 2, 5, 7, 4], [3, 1, 6, 2, 5, 7, 4], [3, 6, 1, 2, 5, 7, 4], [3, 6, 2, 1, 5, 7, 4], [3, 6, 2, 5, 1, 7, 4], [3, 6, 2, 5, 7, 1, 4], [3, 6, 2, 5, 7, 4, 1], [1, 3, 6, 5, 2, 7, 4], [3, 1, 6, 5, 2, 7, 4], [3, 6, 1, 5, 2, 7, 4], [3, 6, 5, 1, 2, 7, 4], [3, 6, 5, 2, 1, 7, 4], [3, 6, 5, 2, 7, 1, 4], [3, 6, 5, 2, 7, 4, 1], [1, 3, 6, 5, 7, 2, 4], [3, 1, 6, 5, 7, 2, 4], [3, 6, 1, 5, 7, 2, 4], [3, 6, 5, 1, 7, 2, 4], [3, 6
? 
? ff.[1,2,3,4,5,6]
[[1, 2, 3, 4, 5, 6], [2, 1, 3, 4, 5, 6], [2, 3, 1, 4, 5, 6], [2, 3, 4, 1, 5, 6], [2, 3, 4, 5, 1, 6], [2, 3, 4, 5, 6, 1], [1, 3, 2, 4, 5, 6], [3, 1, 2, 4, 5, 6], [3, 2, 1, 4, 5, 6], [3, 2, 4, 1, 5, 6], [3, 2, 4, 5, 1, 6], [3, 2, 4, 5, 6, 1], [1, 3, 4, 2, 5, 6], [3, 1, 4, 2, 5, 6], [3, 4, 1, 2, 5, 6], [3, 4, 2, 1, 5, 6], [3, 4, 2, 5, 1, 6], [3, 4, 2, 5, 6, 1], [1, 3, 4, 5, 2, 6], [3, 1, 4, 5, 2, 6], [3, 4, 1, 5, 2, 6], [3, 4, 5, 1, 2, 6], [3, 4, 5, 2, 1, 6], [3, 4, 5, 2, 6, 1], [1, 3, 4, 5, 6, 2], [3, 1, 4, 5, 6, 2], [3, 4, 1, 5, 6, 2], [3, 4, 5, 1, 6, 2], [3, 4, 5, 6, 1, 2], [3, 4, 5, 6, 2, 1], [1, 2, 4, 3, 5, 6], [2, 1, 4, 3, 5, 6], [2, 4, 1, 3, 5, 6], [2, 4, 3, 1, 5, 6], [2, 4, 3, 5, 1, 6], [2, 4, 3, 5, 6, 1], [1, 4, 2, 3, 5, 6], [4, 1, 2, 3, 5, 6], [4, 2, 1, 3, 5, 6], [4, 2, 3, 1, 5, 6], [4, 2, 3, 5, 1, 6], [4, 2, 3, 5, 6, 1], [1, 4, 3, 2, 5, 6], [4, 1, 3, 2, 5, 6], [4, 3, 1, 2, 5, 6], [4, 3, 2, 1, 5, 6], [4, 3, 2, 5, 1, 6], [4, 3, 2, 5, 6, 1], [1, 4, 3, 5, 2, 6], [4, 1, 3, 5, 2, 6], [4, 3, 1, 5, 2, 6], [4, 3, 5, 1, 2, 6], [4, 3, 5, 2, 1, 6], [4, 3, 5, 2, 6, 1], [1, 4, 3, 5, 6, 2], [4, 1, 3, 5, 6, 2], [4, 3, 1, 5, 6, 2], [4, 3, 5, 1, 6, 2], [4, 3, 5, 6, 1, 2], [4, 3, 5, 6, 2, 1], [1, 2, 4, 5, 3, 6], [2, 1, 4, 5, 3, 6], [2, 4, 1, 5, 3, 6], [2, 4, 5, 1, 3, 6], [2, 4, 5, 3, 1, 6], [2, 4, 5, 3, 6, 1], [1, 4, 2, 5, 3, 6], [4, 1, 2, 5, 3, 6], [4, 2, 1, 5, 3, 6], [4, 2, 5, 1, 3, 6], [4, 2, 5, 3, 1, 6], [4, 2, 5, 3, 6, 1], [1, 4, 5, 2, 3, 6], [4, 1, 5, 2, 3, 6], [4, 5, 1, 2, 3, 6], [4, 5, 2, 1, 3, 6], [4, 5, 2, 3, 1, 6], [4, 5, 2, 3, 6, 1], [1, 4, 5, 3, 2, 6], [4, 1, 5, 3, 2, 6], [4, 5, 1, 3, 2, 6], [4, 5, 3, 1, 2, 6], [4, 5, 3, 2, 1, 6], [4, 5, 3, 2, 6, 1], [1, 4, 5, 3, 6, 2], [4, 1, 5, 3, 6, 2], [4, 5, 1, 3, 6, 2], [4, 5, 3, 1, 6, 2], [4, 5, 3, 6, 1, 2], [4, 5, 3, 6, 2, 1], [1, 2, 4, 5, 6, 3], [2, 1, 4, 5, 6, 3], [2, 4, 1, 5, 6, 3], [2, 4, 5, 1, 6, 3], [2, 4, 5, 6, 1, 3], [2, 4, 5, 6, 3, 1], [1, 4, 2, 5, 6, 3], [4, 1, 2, 5, 6, 3], [4, 2, 1, 5, 6, 3], [4, 2, 5, 1, 6, 3], [4, 2, 5, 6, 1, 3], [4, 2, 5, 6, 3, 1], [1, 4, 5, 2, 6, 3], [4, 1, 5, 2, 6, 3], [4, 5, 1, 2, 6, 3], [4, 5, 2, 1, 6, 3], [4, 5, 2, 6, 1, 3], [4, 5, 2, 6, 3, 1], [1, 4, 5, 6, 2, 3], [4, 1, 5, 6, 2, 3], [4, 5, 1, 6, 2, 3], [4, 5, 6, 1, 2, 3], [4, 5, 6, 2, 1, 3], [4, 5, 6, 2, 3, 1], [1, 4, 5, 6, 3, 2], [4, 1, 5, 6, 3, 2], [4, 5, 1, 6, 3, 2], [4, 5, 6, 1, 3, 2], [4, 5, 6, 3, 1, 2], [4, 5, 6, 3, 2, 1], [1, 2, 3, 5, 4, 6], [2, 1, 3, 5, 4, 6], [2, 3, 1, 5, 4, 6], [2, 3, 5, 1, 4, 6], [2, 3, 5, 4, 1, 6], [2, 3, 5, 4, 6, 1], [1, 3, 2, 5, 4, 6], [3, 1, 2, 5, 4, 6], [3, 2, 1, 5, 4, 6], [3, 2, 5, 1, 4, 6], [3, 2, 5, 4, 1, 6], [3, 2, 5, 4, 6, 1], [1, 3, 5, 2, 4, 6], [3, 1, 5, 2, 4, 6], [3, 5, 1, 2, 4, 6], [3, 5, 2, 1, 4, 6], [3, 5, 2, 4, 1, 6], [3, 5, 2, 4, 6, 1], [1, 3, 5, 4, 2, 6], [3, 1, 5, 4, 2, 6], [3, 5, 1, 4, 2, 6], [3, 5, 4, 1, 2, 6], [3, 5, 4, 2, 1, 6], [3, 5, 4, 2, 6, 1], [1, 3, 5, 4, 6, 2], [3, 1, 5, 4, 6, 2], [3, 5, 1, 4, 6, 2], [3, 5, 4, 1, 6, 2], [3, 5, 4, 6, 1, 2], [3, 5, 4, 6, 2, 1], [1, 2, 5, 3, 4, 6], [2, 1, 5, 3, 4, 6], [2, 5, 1, 3, 4, 6], [2, 5, 3, 1, 4, 6], [2, 5, 3, 4, 1, 6], [2, 5, 3, 4, 6, 1], [1, 5, 2, 3, 4, 6], [5, 1, 2, 3, 4, 6], [5, 2, 1, 3, 4, 6], [5, 2, 3, 1, 4, 6], [5, 2, 3, 4, 1, 6], [5, 2, 3, 4, 6, 1], [1, 5, 3, 2, 4, 6], [5, 1, 3, 2, 4, 6], [5, 3, 1, 2, 4, 6], [5, 3, 2, 1, 4, 6], [5, 3, 2, 4, 1, 6], [5, 3, 2, 4, 6, 1], [1, 5, 3, 4, 2, 6], [5, 1, 3, 4, 2, 6], [5, 3, 1, 4, 2, 6], [5, 3, 4, 1, 2, 6], [5, 3, 4, 2, 1, 6], [5, 3, 4, 2, 6, 1], [1, 5, 3, 4, 6, 2], [5, 1, 3, 4, 6, 2], [5, 3, 1, 4, 6, 2], [5, 3, 4, 1, 6, 2], [5, 3, 4, 6, 1, 2], [5, 3, 4, 6, 2, 1], [1, 2, 5, 4, 3, 6], [2, 1, 5, 4, 3, 6], [2, 5, 1, 4, 3, 6], [2, 5, 4, 1, 3, 6], [2, 5, 4, 3, 1, 6], [2, 5, 4, 3, 6, 1], [1, 5, 2, 4, 3, 6], [5, 1, 2, 4, 3, 6], [5, 2, 1, 4, 3, 6], [5, 2, 4, 1, 3, 6], [5, 2, 4, 3, 1, 6], [5, 2, 4, 3, 6, 1], [1, 5, 4, 2, 3, 6], [5, 1, 4, 2, 3, 6], [5, 4, 1, 2, 3, 6], [5, 4, 2, 1, 3, 6], [5, 4, 2, 3, 1, 6], [5, 4, 2, 3, 6, 1], [1, 5, 4, 3, 2, 6], [5, 1, 4, 3, 2, 6], [5, 4, 1, 3, 2, 6], [5, 4, 3, 1, 2, 6], [5, 4, 3, 2, 1, 6], [5, 4, 3, 2, 6, 1], [1, 5, 4, 3, 6, 2], [5, 1, 4, 3, 6, 2], [5, 4, 1, 3, 6, 2], [5, 4, 3, 1, 6, 2], [5, 4, 3, 6, 1, 2], [5, 4, 3, 6, 2, 1], [1, 2, 5, 4, 6, 3], [2, 1, 5, 4, 6, 3], [2, 5, 1, 4, 6, 3], [2, 5, 4, 1, 6, 3], [2, 5, 4, 6, 1, 3], [2, 5, 4, 6, 3, 1], [1, 5, 2, 4, 6, 3], [5, 1, 2, 4, 6, 3], [5, 2, 1, 4, 6, 3], [5, 2, 4, 1, 6, 3], [5, 2, 4, 6, 1, 3], [5, 2, 4, 6, 3, 1], [1, 5, 4, 2, 6, 3], [5, 1, 4, 2, 6, 3], [5, 4, 1, 2, 6, 3], [5, 4, 2, 1, 6, 3], [5, 4, 2, 6, 1, 3], [5, 4, 2, 6, 3, 1], [1, 5, 4, 6, 2, 3], [5, 1, 4, 6, 2, 3], [5, 4, 1, 6, 2, 3], [5, 4, 6, 1, 2, 3], [5, 4, 6, 2, 1, 3], [5, 4, 6, 2, 3, 1], [1, 5, 4, 6, 3, 2], [5, 1, 4, 6, 3, 2], [5, 4, 1, 6, 3, 2], [5, 4, 6, 1, 3, 2], [5, 4, 6, 3, 1, 2], [5, 4, 6, 3, 2, 1], [1, 2, 3, 5, 6, 4], [2, 1, 3, 5, 6, 4], [2, 3, 1, 5, 6, 4], [2, 3, 5, 1, 6, 4], [2, 3, 5, 6, 1, 4], [2, 3, 5, 6, 4, 1], [1, 3, 2, 5, 6, 4], [3, 1, 2, 5, 6, 4], [3, 2, 1, 5, 6, 4], [3, 2, 5, 1, 6, 4], [3, 2, 5, 6, 1, 4], [3, 2, 5, 6, 4, 1], [1, 3, 5, 2, 6, 4], [3, 1, 5, 2, 6, 4], [3, 5, 1, 2, 6, 4], [3, 5, 2, 1, 6, 4], [3, 5, 2, 6, 1, 4], [3, 5, 2, 6, 4, 1], [1, 3, 5, 6, 2, 4], [3, 1, 5, 6, 2, 4], [3, 5, 1, 6, 2, 4], [3, 5, 6, 1, 2, 4], [3, 5, 6, 2, 1, 4], [3, 5, 6, 2, 4, 1], [1, 3, 5, 6, 4, 2], [3, 1, 5, 6, 4, 2], [3, 5, 1, 6, 4, 2], [3, 5, 6, 1, 4, 2], [3, 5, 6, 4, 1, 2], [3, 5, 6, 4, 2, 1], [1, 2, 5, 3, 6, 4], [2, 1, 5, 3, 6, 4], [2, 5, 1, 3, 6, 4], [2, 5, 3, 1, 6, 4], [2, 5, 3, 6, 1, 4], [2, 5, 3, 6, 4, 1], [1, 5, 2, 3, 6, 4], [5, 1, 2, 3, 6, 4], [5, 2, 1, 3, 6, 4], [5, 2, 3, 1, 6, 4], [5, 2, 3, 6, 1, 4], [5, 2, 3, 6, 4, 1], [1, 5, 3, 2, 6, 4], [5, 1, 3, 2, 6, 4], [5, 3, 1, 2, 6, 4], [5, 3, 2, 1, 6, 4], [5, 3, 2, 6, 1, 4], [5, 3, 2, 6, 4, 1], [1, 5, 3, 6, 2, 4], [5, 1, 3, 6, 2, 4], [5, 3, 1, 6, 2, 4], [5, 3, 6, 1, 2, 4], [5, 3, 6, 2, 1, 4], [5, 3, 6, 2, 4, 1], [1, 5, 3, 6, 4, 2], [5, 1, 3, 6, 4, 2], [5, 3, 1, 6, 4, 2], [5, 3, 6, 1, 4, 2], [5, 3, 6, 4, 1, 2], [5, 3, 6, 4, 2, 1], [1, 2, 5, 6, 3, 4], [2, 1, 5, 6, 3, 4], [2, 5, 1, 6, 3, 4], [2, 5, 6, 1, 3, 4], [2, 5, 6, 3, 1, 4], [2, 5, 6, 3, 4, 1], [1, 5, 2, 6, 3, 4], [5, 1, 2, 6, 3, 4], [5, 2, 1, 6, 3, 4], [5, 2, 6, 1, 3, 4], [5, 2, 6, 3, 1, 4], [5, 2, 6, 3, 4, 1], [1, 5, 6, 2, 3, 4], [5, 1, 6, 2, 3, 4], [5, 6, 1, 2, 3, 4], [5, 6, 2, 1, 3, 4], [5, 6, 2, 3, 1, 4], [5, 6, 2, 3, 4, 1], [1, 5, 6, 3, 2, 4], [5, 1, 6, 3, 2, 4], [5, 6, 1, 3, 2, 4], [5, 6, 3, 1, 2, 4], [5, 6, 3, 2, 1, 4], [5, 6, 3, 2, 4, 1], [1, 5, 6, 3, 4, 2], [5, 1, 6, 3, 4, 2], [5, 6, 1, 3, 4, 2], [5, 6, 3, 1, 4, 2], [5, 6, 3, 4, 1, 2], [5, 6, 3, 4, 2, 1], [1, 2, 5, 6, 4, 3], [2, 1, 5, 6, 4, 3], [2, 5, 1, 6, 4, 3], [2, 5, 6, 1, 4, 3], [2, 5, 6, 4, 1, 3], [2, 5, 6, 4, 3, 1], [1, 5, 2, 6, 4, 3], [5, 1, 2, 6, 4, 3], [5, 2, 1, 6, 4, 3], [5, 2, 6, 1, 4, 3], [5, 2, 6, 4, 1, 3], [5, 2, 6, 4, 3, 1], [1, 5, 6, 2, 4, 3], [5, 1, 6, 2, 4, 3], [5, 6, 1, 2, 4, 3], [5, 6, 2, 1, 4, 3], [5, 6, 2, 4, 1, 3], [5, 6, 2, 4, 3, 1], [1, 5, 6, 4, 2, 3], [5, 1, 6, 4, 2, 3], [5, 6, 1, 4, 2, 3], [5, 6, 4, 1, 2, 3], [5, 6, 4, 2, 1, 3], [5, 6, 4, 2, 3, 1], [1, 5, 6, 4, 3, 2], [5, 1, 6, 4, 3, 2], [5, 6, 1, 4, 3, 2], [5, 6, 4, 1, 3, 2], [5, 6, 4, 3, 1, 2], [5, 6, 4, 3, 2, 1], [1, 2, 3, 4, 6, 5], [2, 1, 3, 4, 6, 5], [2, 3, 1, 4, 6, 5], [2, 3, 4, 1, 6, 5], [2, 3, 4, 6, 1, 5], [2, 3, 4, 6, 5, 1], [1, 3, 2, 4, 6, 5], [3, 1, 2, 4, 6, 5], [3, 2, 1, 4, 6, 5], [3, 2, 4, 1, 6, 5], [3, 2, 4, 6, 1, 5], [3, 2, 4, 6, 5, 1], [1, 3, 4, 2, 6, 5], [3, 1, 4, 2, 6, 5], [3, 4, 1, 2, 6, 5], [3, 4, 2, 1, 6, 5], [3, 4, 2, 6, 1, 5], [3, 4, 2, 6, 5, 1], [1, 3, 4, 6, 2, 5], [3, 1, 4, 6, 2, 5], [3, 4, 1, 6, 2, 5], [3, 4, 6, 1, 2, 5], [3, 4, 6, 2, 1, 5], [3, 4, 6, 2, 5, 1], [1, 3, 4, 6, 5, 2], [3, 1, 4, 6, 5, 2], [3, 4, 1, 6, 5, 2], [3, 4, 6, 1, 5, 2], [3, 4, 6, 5, 1, 2], [3, 4, 6, 5, 2, 1], [1, 2, 4, 3, 6, 5], [2, 1, 4, 3, 6, 5], [2, 4, 1, 3, 6, 5], [2, 4, 3, 1, 6, 5], [2, 4, 3, 6, 1, 5], [2, 4, 3, 6, 5, 1], [1, 4, 2, 3, 6, 5], [4, 1, 2, 3, 6, 5], [4, 2, 1, 3, 6, 5], [4, 2, 3, 1, 6, 5], [4, 2, 3, 6, 1, 5], [4, 2, 3, 6, 5, 1], [1, 4, 3, 2, 6, 5], [4, 1, 3, 2, 6, 5], [4, 3, 1, 2, 6, 5], [4, 3, 2, 1, 6, 5], [4, 3, 2, 6, 1, 5], [4, 3, 2, 6, 5, 1], [1, 4, 3, 6, 2, 5], [4, 1, 3, 6, 2, 5], [4, 3, 1, 6, 2, 5], [4, 3, 6, 1, 2, 5], [4, 3, 6, 2, 1, 5], [4, 3, 6, 2, 5, 1], [1, 4, 3, 6, 5, 2], [4, 1, 3, 6, 5, 2], [4, 3, 1, 6, 5, 2], [4, 3, 6, 1, 5, 2], [4, 3, 6, 5, 1, 2], [4, 3, 6, 5, 2, 1], [1, 2, 4, 6, 3, 5], [2, 1, 4, 6, 3, 5], [2, 4, 1, 6, 3, 5], [2, 4, 6, 1, 3, 5], [2, 4, 6, 3, 1, 5], [2, 4, 6, 3, 5, 1], [1, 4, 2, 6, 3, 5], [4, 1, 2, 6, 3, 5], [4, 2, 1, 6, 3, 5], [4, 2, 6, 1, 3, 5], [4, 2, 6, 3, 1, 5], [4, 2, 6, 3, 5, 1], [1, 4, 6, 2, 3, 5], [4, 1, 6, 2, 3, 5], [4, 6, 1, 2, 3, 5], [4, 6, 2, 1, 3, 5], [4, 6, 2, 3, 1, 5], [4, 6, 2, 3, 5, 1], [1, 4, 6, 3, 2, 5], [4, 1, 6, 3, 2, 5], [4, 6, 1, 3, 2, 5], [4, 6, 3, 1, 2, 5], [4, 6, 3, 2, 1, 5], [4, 6, 3, 2, 5, 1], [1, 4, 6, 3, 5, 2], [4, 1, 6, 3, 5, 2], [4, 6, 1, 3, 5, 2], [4, 6, 3, 1, 5, 2], [4, 6, 3, 5, 1, 2], [4, 6, 3, 5, 2, 1], [1, 2, 4, 6, 5, 3], [2, 1, 4, 6, 5, 3], [2, 4, 1, 6, 5, 3], [2, 4, 6, 1, 5, 3], [2, 4, 6, 5, 1, 3], [2, 4, 6, 5, 3, 1], [1, 4, 2, 6, 5, 3], [4, 1, 2, 6, 5, 3], [4, 2, 1, 6, 5, 3], [4, 2, 6, 1, 5, 3], [4, 2, 6, 5, 1, 3], [4, 2, 6, 5, 3, 1], [1, 4, 6, 2, 5, 3], [4, 1, 6, 2, 5, 3], [4, 6, 1, 2, 5, 3], [4, 6, 2, 1, 5, 3], [4, 6, 2, 5, 1, 3], [4, 6, 2, 5, 3, 1], [1, 4, 6, 5, 2, 3], [4, 1, 6, 5, 2, 3], [4, 6, 1, 5, 2, 3], [4, 6, 5, 1, 2, 3], [4, 6, 5, 2, 1, 3], [4, 6, 5, 2, 3, 1], [1, 4, 6, 5, 3, 2], [4, 1, 6, 5, 3, 2], [4, 6, 1, 5, 3, 2], [4, 6, 5, 1, 3, 2], [4, 6, 5, 3, 1, 2], [4, 6, 5, 3, 2, 1], [1, 2, 3, 6, 4, 5], [2, 1, 3, 6, 4, 5], [2, 3, 1, 6, 4, 5], [2, 3, 6, 1, 4, 5], [2, 3, 6, 4, 1, 5], [2, 3, 6, 4, 5, 1], [1, 3, 2, 6, 4, 5], [3, 1, 2, 6, 4, 5], [3, 2, 1, 6, 4, 5], [3, 2, 6, 1, 4, 5], [3, 2, 6, 4, 1, 5], [3, 2, 6, 4, 5, 1], [1, 3, 6, 2, 4, 5], [3, 1, 6, 2, 4, 5], [3, 6, 1, 2, 4, 5], [3, 6, 2, 1, 4, 5], [3, 6, 2, 4, 1, 5], [3, 6, 2, 4, 5, 1], [1, 3, 6, 4, 2, 5], [3, 1, 6, 4, 2, 5], [3, 6, 1, 4, 2, 5], [3, 6, 4, 1, 2, 5], [3, 6, 4, 2, 1, 5], [3, 6, 4, 2, 5, 1], [1, 3, 6, 4, 5, 2], [3, 1, 6, 4, 5, 2], [3, 6, 1, 4, 5, 2], [3, 6, 4, 1, 5, 2], [3, 6, 4, 5, 1, 2], [3, 6, 4, 5, 2, 1], [1, 2, 6, 3, 4, 5], [2, 1, 6, 3, 4, 5], [2, 6, 1, 3, 4, 5], [2, 6, 3, 1, 4, 5], [2, 6, 3, 4, 1, 5], [2, 6, 3, 4, 5, 1], [1, 6, 2, 3, 4, 5], [6, 1, 2, 3, 4, 5], [6, 2, 1, 3, 4, 5], [6, 2, 3, 1, 4, 5], [6, 2, 3, 4, 1, 5], [6, 2, 3, 4, 5, 1], [1, 6, 3, 2, 4, 5], [6, 1, 3, 2, 4, 5], [6, 3, 1, 2, 4, 5], [6, 3, 2, 1, 4, 5], [6, 3, 2, 4, 1, 5], [6, 3, 2, 4, 5, 1], [1, 6, 3, 4, 2, 5], [6, 1, 3, 4, 2, 5], [6, 3, 1, 4, 2, 5], [6, 3, 4, 1, 2, 5], [6, 3, 4, 2, 1, 5], [6, 3, 4, 2, 5, 1], [1, 6, 3, 4, 5, 2], [6, 1, 3, 4, 5, 2], [6, 3, 1, 4, 5, 2], [6, 3, 4, 1, 5, 2], [6, 3, 4, 5, 1, 2], [6, 3, 4, 5, 2, 1], [1, 2, 6, 4, 3, 5], [2, 1, 6, 4, 3, 5], [2, 6, 1, 4, 3, 5], [2, 6, 4, 1, 3, 5], [2, 6, 4, 3, 1, 5], [2, 6, 4, 3, 5, 1], [1, 6, 2, 4, 3, 5], [6, 1, 2, 4, 3, 5], [6, 2, 1, 4, 3, 5], [6, 2, 4, 1, 3, 5], [6, 2, 4, 3, 1, 5], [6, 2, 4, 3, 5, 1], [1, 6, 4, 2, 3, 5], [6, 1, 4, 2, 3, 5], [6, 4, 1, 2, 3, 5], [6, 4, 2, 1, 3, 5], [6, 4, 2, 3, 1, 5], [6, 4, 2, 3, 5, 1], [1, 6, 4, 3, 2, 5], [6, 1, 4, 3, 2, 5], [6, 4, 1, 3, 2, 5], [6, 4, 3, 1, 2, 5], [6, 4, 3, 2, 1, 5], [6, 4, 3, 2, 5, 1], [1, 6, 4, 3, 5, 2], [6, 1, 4, 3, 5, 2], [6, 4, 1, 3, 5, 2], [6, 4, 3, 1, 5, 2], [6, 4, 3, 5, 1, 2], [6, 4, 3, 5, 2, 1], [1, 2, 6, 4, 5, 3], [2, 1, 6, 4, 5, 3], [2, 6, 1, 4, 5, 3], [2, 6, 4, 1, 5, 3], [2, 6, 4, 5, 1, 3], [2, 6, 4, 5, 3, 1], [1, 6, 2, 4, 5, 3], [6, 1, 2, 4, 5, 3], [6, 2, 1, 4, 5, 3], [6, 2, 4, 1, 5, 3], [6, 2, 4, 5, 1, 3], [6, 2, 4, 5, 3, 1], [1, 6, 4, 2, 5, 3], [6, 1, 4, 2, 5, 3], [6, 4, 1, 2, 5, 3], [6, 4, 2, 1, 5, 3], [6, 4, 2, 5, 1, 3], [6, 4, 2, 5, 3, 1], [1, 6, 4, 5, 2, 3], [6, 1, 4, 5, 2, 3], [6, 4, 1, 5, 2, 3], [6, 4, 5, 1, 2, 3], [6, 4, 5, 2, 1, 3], [6, 4, 5, 2, 3, 1], [1, 6, 4, 5, 3, 2], [6, 1, 4, 5, 3, 2], [6, 4, 1, 5, 3, 2], [6, 4, 5, 1, 3, 2], [6, 4, 5, 3, 1, 2], [6, 4, 5, 3, 2, 1], [1, 2, 3, 6, 5, 4], [2, 1, 3, 6, 5, 4], [2, 3, 1, 6, 5, 4], [2, 3, 6, 1, 5, 4], [2, 3, 6, 5, 1, 4], [2, 3, 6, 5, 4, 1], [1, 3, 2, 6, 5, 4], [3, 1, 2, 6, 5, 4], [3, 2, 1, 6, 5, 4], [3, 2, 6, 1, 5, 4], [3, 2, 6, 5, 1, 4], [3, 2, 6, 5, 4, 1], [1, 3, 6, 2, 5, 4], [3, 1, 6, 2, 5, 4], [3, 6, 1, 2, 5, 4], [3, 6, 2, 1, 5, 4], [3, 6, 2, 5, 1, 4], [3, 6, 2, 5, 4, 1], [1, 3, 6, 5, 2, 4], [3, 1, 6, 5, 2, 4], [3, 6, 1, 5, 2, 4], [3, 6, 5, 1, 2, 4], [3, 6, 5, 2, 1, 4], [3, 6, 5, 2, 4, 1], [1, 3, 6, 5, 4, 2], [3, 1, 6, 5, 4, 2], [3, 6, 1, 5, 4, 2], [3, 6, 5, 1, 4, 2], [3, 6, 5, 4, 1, 2], [3, 6, 5, 4, 2, 1], [1, 2, 6, 3, 5, 4], [2, 1, 6, 3, 5, 4], [2, 6, 1, 3, 5, 4], [2, 6, 3, 1, 5, 4], [2, 6, 3, 5, 1, 4], [2, 6, 3, 5, 4, 1], [1, 6, 2, 3, 5, 4], [6, 1, 2, 3, 5, 4], [6, 2, 1, 3, 5, 4], [6, 2, 3, 1, 5, 4], [6, 2, 3, 5, 1, 4], [6, 2, 3, 5, 4, 1], [1, 6, 3, 2, 5, 4], [6, 1, 3, 2, 5, 4], [6, 3, 1, 2, 5, 4], [6, 3, 2, 1, 5, 4], [6, 3, 2, 5, 1, 4], [6, 3, 2, 5, 4, 1], [1, 6, 3, 5, 2, 4], [6, 1, 3, 5, 2, 4], [6, 3, 1, 5, 2, 4], [6, 3, 5, 1, 2, 4], [6, 3, 5, 2, 1, 4], [6, 3, 5, 2, 4, 1], [1, 6, 3, 5, 4, 2], [6, 1, 3, 5, 4, 2], [6, 3, 1, 5, 4, 2], [6, 3, 5, 1, 4, 2], [6, 3, 5, 4, 1, 2], [6, 3, 5, 4, 2, 1], [1, 2, 6, 5, 3, 4], [2, 1, 6, 5, 3, 4], [2, 6, 1, 5, 3, 4], [2, 6, 5, 1, 3, 4], [2, 6, 5, 3, 1, 4], [2, 6, 5, 3, 4, 1], [1, 6, 2, 5, 3, 4], [6, 1, 2, 5, 3, 4], [6, 2, 1, 5, 3, 4], [6, 2, 5, 1, 3, 4], [6, 2, 5, 3, 1, 4], [6, 2, 5, 3, 4, 1], [1, 6, 5, 2, 3, 4], [6, 1, 5, 2, 3, 4], [6, 5, 1, 2, 3, 4], [6, 5, 2, 1, 3, 4], [6, 5, 2, 3, 1, 4], [6, 5, 2, 3, 4, 1], [1, 6, 5, 3, 2, 4], [6, 1, 5, 3, 2, 4], [6, 5, 1, 3, 2, 4], [6, 5, 3, 1, 2, 4], [6, 5, 3, 2, 1, 4], [6, 5, 3, 2, 4, 1], [1, 6, 5, 3, 4, 2], [6, 1, 5, 3, 4, 2], [6, 5, 1, 3, 4, 2], [6, 5, 3, 1, 4, 2], [6, 5, 3, 4, 1, 2], [6, 5, 3, 4, 2, 1], [1, 2, 6, 5, 4, 3], [2, 1, 6, 5, 4, 3], [2, 6, 1, 5, 4, 3], [2, 6, 5, 1, 4, 3], [2, 6, 5, 4, 1, 3], [2, 6, 5, 4, 3, 1], [1, 6, 2, 5, 4, 3], [6, 1, 2, 5, 4, 3], [6, 2, 1, 5, 4, 3], [6, 2, 5, 1, 4, 3], [6, 2, 5, 4, 1, 3], [6, 2, 5, 4, 3, 1], [1, 6, 5, 2, 4, 3], [6, 1, 5, 2, 4, 3], [6, 5, 1, 2, 4, 3], [6, 5, 2, 1, 4, 3], [6, 5, 2, 4, 1, 3], [6, 5, 2, 4, 3, 1], [1, 6, 5, 4, 2, 3], [6, 1, 5, 4, 2, 3], [6, 5, 1, 4, 2, 3], [6, 5, 4, 1, 2, 3], [6, 5, 4, 2, 1, 3], [6, 5, 4, 2, 3, 1], [1, 6, 5, 4, 3, 2], [6, 1, 5, 4, 3, 2], [6, 5, 1, 4, 3, 2], [6, 5, 4, 1, 3, 2], [6, 5, 4, 3, 1, 2], [6, 5, 4, 3, 2, 1]] : [[Int]]
(33318 reductions, 98139 cells, 1 garbage collection)
? 
Gofer session for:
/home/rusi/pdsw/gofer/gofer-master/pusimple.pre
/home/anu/pucsd/ip2017/sept1/nn.gs
? ff.[1,2,3,4,5,6]
[[1, 2, 3, 4, 5, 6], [1, 2, 3, 4, 6, 5], [1, 2, 3, 5, 4, 6], [1, 2, 3, 6, 4, 5], [1, 2, 3, 5, 6, 4], [1, 2, 3, 6, 5, 4], [1, 2, 4, 3, 5, 6], [1, 2, 4, 3, 6, 5], [1, 2, 5, 3, 4, 6], [1, 2, 6, 3, 4, 5], [1, 2, 5, 3, 6, 4], [1, 2, 6, 3, 5, 4], [1, 2, 4, 5, 3, 6], [1, 2, 4, 6, 3, 5], [1, 2, 5, 4, 3, 6], [1, 2, 6, 4, 3, 5], [1, 2, 5, 6, 3, 4], [1, 2, 6, 5, 3, 4], [1, 2, 4, 5, 6, 3], [1, 2, 4, 6, 5, 3], [1, 2, 5, 4, 6, 3], [1, 2, 6, 4, 5, 3], [1, 2, 5, 6, 4, 3], [1, 2, 6, 5, 4, 3], [1, 3, 2, 4, 5, 6], [1, 3, 2, 4, 6, 5], [1, 3, 2, 5, 4, 6], [1, 3, 2, 6, 4, 5], [1, 3, 2, 5, 6, 4], [1, 3, 2, 6, 5, 4], [1, 4, 2, 3, 5, 6], [1, 4, 2, 3, 6, 5], [1, 5, 2, 3, 4, 6], [1, 6, 2, 3, 4, 5], [1, 5, 2, 3, 6, 4], [1, 6, 2, 3, 5, 4], [1, 4, 2, 5, 3, 6], [1, 4, 2, 6, 3, 5], [1, 5, 2, 4, 3, 6], [1, 6, 2, 4, 3, 5], [1, 5, 2, 6, 3, 4], [1, 6, 2, 5, 3, 4], [1, 4, 2, 5, 6, 3], [1, 4, 2, 6, 5, 3], [1, 5, 2, 4, 6, 3], [1, 6, 2, 4, 5, 3], [1, 5, 2, 6, 4, 3], [1, 6, 2, 5, 4, 3], [1, 3, 4, 2, 5, 6], [1, 3, 4, 2, 6, 5], [1, 3, 5, 2, 4, 6], [1, 3, 6, 2, 4, 5], [1, 3, 5, 2, 6, 4], [1, 3, 6, 2, 5, 4], [1, 4, 3, 2, 5, 6], [1, 4, 3, 2, 6, 5], [1, 5, 3, 2, 4, 6], [1, 6, 3, 2, 4, 5], [1, 5, 3, 2, 6, 4], [1, 6, 3, 2, 5, 4], [1, 4, 5, 2, 3, 6], [1, 4, 6, 2, 3, 5], [1, 5, 4, 2, 3, 6], [1, 6, 4, 2, 3, 5], [1, 5, 6, 2, 3, 4], [1, 6, 5, 2, 3, 4], [1, 4, 5, 2, 6, 3], [1, 4, 6, 2, 5, 3], [1, 5, 4, 2, 6, 3], [1, 6, 4, 2, 5, 3], [1, 5, 6, 2, 4, 3], [1, 6, 5, 2, 4, 3], [1, 3, 4, 5, 2, 6], [1, 3, 4, 6, 2, 5], [1, 3, 5, 4, 2, 6], [1, 3, 6, 4, 2, 5], [1, 3, 5, 6, 2, 4], [1, 3, 6, 5, 2, 4], [1, 4, 3, 5, 2, 6], [1, 4, 3, 6, 2, 5], [1, 5, 3, 4, 2, 6], [1, 6, 3, 4, 2, 5], [1, 5, 3, 6, 2, 4], [1, 6, 3, 5, 2, 4], [1, 4, 5, 3, 2, 6], [1, 4, 6, 3, 2, 5], [1, 5, 4, 3, 2, 6], [1, 6, 4, 3, 2, 5], [1, 5, 6, 3, 2, 4], [1, 6, 5, 3, 2, 4], [1, 4, 5, 6, 2, 3], [1, 4, 6, 5, 2, 3], [1, 5, 4, 6, 2, 3], [1, 6, 4, 5, 2, 3], [1, 5, 6, 4, 2, 3], [1, 6, 5, 4, 2, 3], [1, 3, 4, 5, 6, 2], [1, 3, 4, 6, 5, 2], [1, 3, 5, 4, 6, 2], [1, 3, 6, 4, 5, 2], [1, 3, 5, 6, 4, 2], [1, 3, 6, 5, 4, 2], [1, 4, 3, 5, 6, 2], [1, 4, 3, 6, 5, 2], [1, 5, 3, 4, 6, 2], [1, 6, 3, 4, 5, 2], [1, 5, 3, 6, 4, 2], [1, 6, 3, 5, 4, 2], [1, 4, 5, 3, 6, 2], [1, 4, 6, 3, 5, 2], [1, 5, 4, 3, 6, 2], [1, 6, 4, 3, 5, 2], [1, 5, 6, 3, 4, 2], [1, 6, 5, 3, 4, 2], [1, 4, 5, 6, 3, 2], [1, 4, 6, 5, 3, 2], [1, 5, 4, 6, 3, 2], [1, 6, 4, 5, 3, 2], [1, 5, 6, 4, 3, 2], [1, 6, 5, 4, 3, 2], [2, 1, 3, 4, 5, 6], [2, 1, 3, 4, 6, 5], [2, 1, 3, 5, 4, 6], [2, 1, 3, 6, 4, 5], [2, 1, 3, 5, 6, 4], [2, 1, 3, 6, 5, 4], [2, 1, 4, 3, 5, 6], [2, 1, 4, 3, 6, 5], [2, 1, 5, 3, 4, 6], [2, 1, 6, 3, 4, 5], [2, 1, 5, 3, 6, 4], [2, 1, 6, 3, 5, 4], [2, 1, 4, 5, 3, 6], [2, 1, 4, 6, 3, 5], [2, 1, 5, 4, 3, 6], [2, 1, 6, 4, 3, 5], [2, 1, 5, 6, 3, 4], [2, 1, 6, 5, 3, 4], [2, 1, 4, 5, 6, 3], [2, 1, 4, 6, 5, 3], [2, 1, 5, 4, 6, 3], [2, 1, 6, 4, 5, 3], [2, 1, 5, 6, 4, 3], [2, 1, 6, 5, 4, 3], [3, 1, 2, 4, 5, 6], [3, 1, 2, 4, 6, 5], [3, 1, 2, 5, 4, 6], [3, 1, 2, 6, 4, 5], [3, 1, 2, 5, 6, 4], [3, 1, 2, 6, 5, 4], [4, 1, 2, 3, 5, 6], [4, 1, 2, 3, 6, 5], [5, 1, 2, 3, 4, 6], [6, 1, 2, 3, 4, 5], [5, 1, 2, 3, 6, 4], [6, 1, 2, 3, 5, 4], [4, 1, 2, 5, 3, 6], [4, 1, 2, 6, 3, 5], [5, 1, 2, 4, 3, 6], [6, 1, 2, 4, 3, 5], [5, 1, 2, 6, 3, 4], [6, 1, 2, 5, 3, 4], [4, 1, 2, 5, 6, 3], [4, 1, 2, 6, 5, 3], [5, 1, 2, 4, 6, 3], [6, 1, 2, 4, 5, 3], [5, 1, 2, 6, 4, 3], [6, 1, 2, 5, 4, 3], [3, 1, 4, 2, 5, 6], [3, 1, 4, 2, 6, 5], [3, 1, 5, 2, 4, 6], [3, 1, 6, 2, 4, 5], [3, 1, 5, 2, 6, 4], [3, 1, 6, 2, 5, 4], [4, 1, 3, 2, 5, 6], [4, 1, 3, 2, 6, 5], [5, 1, 3, 2, 4, 6], [6, 1, 3, 2, 4, 5], [5, 1, 3, 2, 6, 4], [6, 1, 3, 2, 5, 4], [4, 1, 5, 2, 3, 6], [4, 1, 6, 2, 3, 5], [5, 1, 4, 2, 3, 6], [6, 1, 4, 2, 3, 5], [5, 1, 6, 2, 3, 4], [6, 1, 5, 2, 3, 4], [4, 1, 5, 2, 6, 3], [4, 1, 6, 2, 5, 3], [5, 1, 4, 2, 6, 3], [6, 1, 4, 2, 5, 3], [5, 1, 6, 2, 4, 3], [6, 1, 5, 2, 4, 3], [3, 1, 4, 5, 2, 6], [3, 1, 4, 6, 2, 5], [3, 1, 5, 4, 2, 6], [3, 1, 6, 4, 2, 5], [3, 1, 5, 6, 2, 4], [3, 1, 6, 5, 2, 4], [4, 1, 3, 5, 2, 6], [4, 1, 3, 6, 2, 5], [5, 1, 3, 4, 2, 6], [6, 1, 3, 4, 2, 5], [5, 1, 3, 6, 2, 4], [6, 1, 3, 5, 2, 4], [4, 1, 5, 3, 2, 6], [4, 1, 6, 3, 2, 5], [5, 1, 4, 3, 2, 6], [6, 1, 4, 3, 2, 5], [5, 1, 6, 3, 2, 4], [6, 1, 5, 3, 2, 4], [4, 1, 5, 6, 2, 3], [4, 1, 6, 5, 2, 3], [5, 1, 4, 6, 2, 3], [6, 1, 4, 5, 2, 3], [5, 1, 6, 4, 2, 3], [6, 1, 5, 4, 2, 3], [3, 1, 4, 5, 6, 2], [3, 1, 4, 6, 5, 2], [3, 1, 5, 4, 6, 2], [3, 1, 6, 4, 5, 2], [3, 1, 5, 6, 4, 2], [3, 1, 6, 5, 4, 2], [4, 1, 3, 5, 6, 2], [4, 1, 3, 6, 5, 2], [5, 1, 3, 4, 6, 2], [6, 1, 3, 4, 5, 2], [5, 1, 3, 6, 4, 2], [6, 1, 3, 5, 4, 2], [4, 1, 5, 3, 6, 2], [4, 1, 6, 3, 5, 2], [5, 1, 4, 3, 6, 2], [6, 1, 4, 3, 5, 2], [5, 1, 6, 3, 4, 2], [6, 1, 5, 3, 4, 2], [4, 1, 5, 6, 3, 2], [4, 1, 6, 5, 3, 2], [5, 1, 4, 6, 3, 2], [6, 1, 4, 5, 3, 2], [5, 1, 6, 4, 3, 2], [6, 1, 5, 4, 3, 2], [2, 3, 1, 4, 5, 6], [2, 3, 1, 4, 6, 5], [2, 3, 1, 5, 4, 6], [2, 3, 1, 6, 4, 5], [2, 3, 1, 5, 6, 4], [2, 3, 1, 6, 5, 4], [2, 4, 1, 3, 5, 6], [2, 4, 1, 3, 6, 5], [2, 5, 1, 3, 4, 6], [2, 6, 1, 3, 4, 5], [2, 5, 1, 3, 6, 4], [2, 6, 1, 3, 5, 4], [2, 4, 1, 5, 3, 6], [2, 4, 1, 6, 3, 5], [2, 5, 1, 4, 3, 6], [2, 6, 1, 4, 3, 5], [2, 5, 1, 6, 3, 4], [2, 6, 1, 5, 3, 4], [2, 4, 1, 5, 6, 3], [2, 4, 1, 6, 5, 3], [2, 5, 1, 4, 6, 3], [2, 6, 1, 4, 5, 3], [2, 5, 1, 6, 4, 3], [2, 6, 1, 5, 4, 3], [3, 2, 1, 4, 5, 6], [3, 2, 1, 4, 6, 5], [3, 2, 1, 5, 4, 6], [3, 2, 1, 6, 4, 5], [3, 2, 1, 5, 6, 4], [3, 2, 1, 6, 5, 4], [4, 2, 1, 3, 5, 6], [4, 2, 1, 3, 6, 5], [5, 2, 1, 3, 4, 6], [6, 2, 1, 3, 4, 5], [5, 2, 1, 3, 6, 4], [6, 2, 1, 3, 5, 4], [4, 2, 1, 5, 3, 6], [4, 2, 1, 6, 3, 5], [5, 2, 1, 4, 3, 6], [6, 2, 1, 4, 3, 5], [5, 2, 1, 6, 3, 4], [6, 2, 1, 5, 3, 4], [4, 2, 1, 5, 6, 3], [4, 2, 1, 6, 5, 3], [5, 2, 1, 4, 6, 3], [6, 2, 1, 4, 5, 3], [5, 2, 1, 6, 4, 3], [6, 2, 1, 5, 4, 3], [3, 4, 1, 2, 5, 6], [3, 4, 1, 2, 6, 5], [3, 5, 1, 2, 4, 6], [3, 6, 1, 2, 4, 5], [3, 5, 1, 2, 6, 4], [3, 6, 1, 2, 5, 4], [4, 3, 1, 2, 5, 6], [4, 3, 1, 2, 6, 5], [5, 3, 1, 2, 4, 6], [6, 3, 1, 2, 4, 5], [5, 3, 1, 2, 6, 4], [6, 3, 1, 2, 5, 4], [4, 5, 1, 2, 3, 6], [4, 6, 1, 2, 3, 5], [5, 4, 1, 2, 3, 6], [6, 4, 1, 2, 3, 5], [5, 6, 1, 2, 3, 4], [6, 5, 1, 2, 3, 4], [4, 5, 1, 2, 6, 3], [4, 6, 1, 2, 5, 3], [5, 4, 1, 2, 6, 3], [6, 4, 1, 2, 5, 3], [5, 6, 1, 2, 4, 3], [6, 5, 1, 2, 4, 3], [3, 4, 1, 5, 2, 6], [3, 4, 1, 6, 2, 5], [3, 5, 1, 4, 2, 6], [3, 6, 1, 4, 2, 5], [3, 5, 1, 6, 2, 4], [3, 6, 1, 5, 2, 4], [4, 3, 1, 5, 2, 6], [4, 3, 1, 6, 2, 5], [5, 3, 1, 4, 2, 6], [6, 3, 1, 4, 2, 5], [5, 3, 1, 6, 2, 4], [6, 3, 1, 5, 2, 4], [4, 5, 1, 3, 2, 6], [4, 6, 1, 3, 2, 5], [5, 4, 1, 3, 2, 6], [6, 4, 1, 3, 2, 5], [5, 6, 1, 3, 2, 4], [6, 5, 1, 3, 2, 4], [4, 5, 1, 6, 2, 3], [4, 6, 1, 5, 2, 3], [5, 4, 1, 6, 2, 3], [6, 4, 1, 5, 2, 3], [5, 6, 1, 4, 2, 3], [6, 5, 1, 4, 2, 3], [3, 4, 1, 5, 6, 2], [3, 4, 1, 6, 5, 2], [3, 5, 1, 4, 6, 2], [3, 6, 1, 4, 5, 2], [3, 5, 1, 6, 4, 2], [3, 6, 1, 5, 4, 2], [4, 3, 1, 5, 6, 2], [4, 3, 1, 6, 5, 2], [5, 3, 1, 4, 6, 2], [6, 3, 1, 4, 5, 2], [5, 3, 1, 6, 4, 2], [6, 3, 1, 5, 4, 2], [4, 5, 1, 3, 6, 2], [4, 6, 1, 3, 5, 2], [5, 4, 1, 3, 6, 2], [6, 4, 1, 3, 5, 2], [5, 6, 1, 3, 4, 2], [6, 5, 1, 3, 4, 2], [4, 5, 1, 6, 3, 2], [4, 6, 1, 5, 3, 2], [5, 4, 1, 6, 3, 2], [6, 4, 1, 5, 3, 2], [5, 6, 1, 4, 3, 2], [6, 5, 1, 4, 3, 2], [2, 3, 4, 1, 5, 6], [2, 3, 4, 1, 6, 5], [2, 3, 5, 1, 4, 6], [2, 3, 6, 1, 4, 5], [2, 3, 5, 1, 6, 4], [2, 3, 6, 1, 5, 4], [2, 4, 3, 1, 5, 6], [2, 4, 3, 1, 6, 5], [2, 5, 3, 1, 4, 6], [2, 6, 3, 1, 4, 5], [2, 5, 3, 1, 6, 4], [2, 6, 3, 1, 5, 4], [2, 4, 5, 1, 3, 6], [2, 4, 6, 1, 3, 5], [2, 5, 4, 1, 3, 6], [2, 6, 4, 1, 3, 5], [2, 5, 6, 1, 3, 4], [2, 6, 5, 1, 3, 4], [2, 4, 5, 1, 6, 3], [2, 4, 6, 1, 5, 3], [2, 5, 4, 1, 6, 3], [2, 6, 4, 1, 5, 3], [2, 5, 6, 1, 4, 3], [2, 6, 5, 1, 4, 3], [3, 2, 4, 1, 5, 6], [3, 2, 4, 1, 6, 5], [3, 2, 5, 1, 4, 6], [3, 2, 6, 1, 4, 5], [3, 2, 5, 1, 6, 4], [3, 2, 6, 1, 5, 4], [4, 2, 3, 1, 5, 6], [4, 2, 3, 1, 6, 5], [5, 2, 3, 1, 4, 6], [6, 2, 3, 1, 4, 5], [5, 2, 3, 1, 6, 4], [6, 2, 3, 1, 5, 4], [4, 2, 5, 1, 3, 6], [4, 2, 6, 1, 3, 5], [5, 2, 4, 1, 3, 6], [6, 2, 4, 1, 3, 5], [5, 2, 6, 1, 3, 4], [6, 2, 5, 1, 3, 4], [4, 2, 5, 1, 6, 3], [4, 2, 6, 1, 5, 3], [5, 2, 4, 1, 6, 3], [6, 2, 4, 1, 5, 3], [5, 2, 6, 1, 4, 3], [6, 2, 5, 1, 4, 3], [3, 4, 2, 1, 5, 6], [3, 4, 2, 1, 6, 5], [3, 5, 2, 1, 4, 6], [3, 6, 2, 1, 4, 5], [3, 5, 2, 1, 6, 4], [3, 6, 2, 1, 5, 4], [4, 3, 2, 1, 5, 6], [4, 3, 2, 1, 6, 5], [5, 3, 2, 1, 4, 6], [6, 3, 2, 1, 4, 5], [5, 3, 2, 1, 6, 4], [6, 3, 2, 1, 5, 4], [4, 5, 2, 1, 3, 6], [4, 6, 2, 1, 3, 5], [5, 4, 2, 1, 3, 6], [6, 4, 2, 1, 3, 5], [5, 6, 2, 1, 3, 4], [6, 5, 2, 1, 3, 4], [4, 5, 2, 1, 6, 3], [4, 6, 2, 1, 5, 3], [5, 4, 2, 1, 6, 3], [6, 4, 2, 1, 5, 3], [5, 6, 2, 1, 4, 3], [6, 5, 2, 1, 4, 3], [3, 4, 5, 1, 2, 6], [3, 4, 6, 1, 2, 5], [3, 5, 4, 1, 2, 6], [3, 6, 4, 1, 2, 5], [3, 5, 6, 1, 2, 4], [3, 6, 5, 1, 2, 4], [4, 3, 5, 1, 2, 6], [4, 3, 6, 1, 2, 5], [5, 3, 4, 1, 2, 6], [6, 3, 4, 1, 2, 5], [5, 3, 6, 1, 2, 4], [6, 3, 5, 1, 2, 4], [4, 5, 3, 1, 2, 6], [4, 6, 3, 1, 2, 5], [5, 4, 3, 1, 2, 6], [6, 4, 3, 1, 2, 5], [5, 6, 3, 1, 2, 4], [6, 5, 3, 1, 2, 4], [4, 5, 6, 1, 2, 3], [4, 6, 5, 1, 2, 3], [5, 4, 6, 1, 2, 3], [6, 4, 5, 1, 2, 3], [5, 6, 4, 1, 2, 3], [6, 5, 4, 1, 2, 3], [3, 4, 5, 1, 6, 2], [3, 4, 6, 1, 5, 2], [3, 5, 4, 1, 6, 2], [3, 6, 4, 1, 5, 2], [3, 5, 6, 1, 4, 2], [3, 6, 5, 1, 4, 2], [4, 3, 5, 1, 6, 2], [4, 3, 6, 1, 5, 2], [5, 3, 4, 1, 6, 2], [6, 3, 4, 1, 5, 2], [5, 3, 6, 1, 4, 2], [6, 3, 5, 1, 4, 2], [4, 5, 3, 1, 6, 2], [4, 6, 3, 1, 5, 2], [5, 4, 3, 1, 6, 2], [6, 4, 3, 1, 5, 2], [5, 6, 3, 1, 4, 2], [6, 5, 3, 1, 4, 2], [4, 5, 6, 1, 3, 2], [4, 6, 5, 1, 3, 2], [5, 4, 6, 1, 3, 2], [6, 4, 5, 1, 3, 2], [5, 6, 4, 1, 3, 2], [6, 5, 4, 1, 3, 2], [2, 3, 4, 5, 1, 6], [2, 3, 4, 6, 1, 5], [2, 3, 5, 4, 1, 6], [2, 3, 6, 4, 1, 5], [2, 3, 5, 6, 1, 4], [2, 3, 6, 5, 1, 4], [2, 4, 3, 5, 1, 6], [2, 4, 3, 6, 1, 5], [2, 5, 3, 4, 1, 6], [2, 6, 3, 4, 1, 5], [2, 5, 3, 6, 1, 4], [2, 6, 3, 5, 1, 4], [2, 4, 5, 3, 1, 6], [2, 4, 6, 3, 1, 5], [2, 5, 4, 3, 1, 6], [2, 6, 4, 3, 1, 5], [2, 5, 6, 3, 1, 4], [2, 6, 5, 3, 1, 4], [2, 4, 5, 6, 1, 3], [2, 4, 6, 5, 1, 3], [2, 5, 4, 6, 1, 3], [2, 6, 4, 5, 1, 3], [2, 5, 6, 4, 1, 3], [2, 6, 5, 4, 1, 3], [3, 2, 4, 5, 1, 6], [3, 2, 4, 6, 1, 5], [3, 2, 5, 4, 1, 6], [3, 2, 6, 4, 1, 5], [3, 2, 5, 6, 1, 4], [3, 2, 6, 5, 1, 4], [4, 2, 3, 5, 1, 6], [4, 2, 3, 6, 1, 5], [5, 2, 3, 4, 1, 6], [6, 2, 3, 4, 1, 5], [5, 2, 3, 6, 1, 4], [6, 2, 3, 5, 1, 4], [4, 2, 5, 3, 1, 6], [4, 2, 6, 3, 1, 5], [5, 2, 4, 3, 1, 6], [6, 2, 4, 3, 1, 5], [5, 2, 6, 3, 1, 4], [6, 2, 5, 3, 1, 4], [4, 2, 5, 6, 1, 3], [4, 2, 6, 5, 1, 3], [5, 2, 4, 6, 1, 3], [6, 2, 4, 5, 1, 3], [5, 2, 6, 4, 1, 3], [6, 2, 5, 4, 1, 3], [3, 4, 2, 5, 1, 6], [3, 4, 2, 6, 1, 5], [3, 5, 2, 4, 1, 6], [3, 6, 2, 4, 1, 5], [3, 5, 2, 6, 1, 4], [3, 6, 2, 5, 1, 4], [4, 3, 2, 5, 1, 6], [4, 3, 2, 6, 1, 5], [5, 3, 2, 4, 1, 6], [6, 3, 2, 4, 1, 5], [5, 3, 2, 6, 1, 4], [6, 3, 2, 5, 1, 4], [4, 5, 2, 3, 1, 6], [4, 6, 2, 3, 1, 5], [5, 4, 2, 3, 1, 6], [6, 4, 2, 3, 1, 5], [5, 6, 2, 3, 1, 4], [6, 5, 2, 3, 1, 4], [4, 5, 2, 6, 1, 3], [4, 6, 2, 5, 1, 3], [5, 4, 2, 6, 1, 3], [6, 4, 2, 5, 1, 3], [5, 6, 2, 4, 1, 3], [6, 5, 2, 4, 1, 3], [3, 4, 5, 2, 1, 6], [3, 4, 6, 2, 1, 5], [3, 5, 4, 2, 1, 6], [3, 6, 4, 2, 1, 5], [3, 5, 6, 2, 1, 4], [3, 6, 5, 2, 1, 4], [4, 3, 5, 2, 1, 6], [4, 3, 6, 2, 1, 5], [5, 3, 4, 2, 1, 6], [6, 3, 4, 2, 1, 5], [5, 3, 6, 2, 1, 4], [6, 3, 5, 2, 1, 4], [4, 5, 3, 2, 1, 6], [4, 6, 3, 2, 1, 5], [5, 4, 3, 2, 1, 6], [6, 4, 3, 2, 1, 5], [5, 6, 3, 2, 1, 4], [6, 5, 3, 2, 1, 4], [4, 5, 6, 2, 1, 3], [4, 6, 5, 2, 1, 3], [5, 4, 6, 2, 1, 3], [6, 4, 5, 2, 1, 3], [5, 6, 4, 2, 1, 3], [6, 5, 4, 2, 1, 3], [3, 4, 5, 6, 1, 2], [3, 4, 6, 5, 1, 2], [3, 5, 4, 6, 1, 2], [3, 6, 4, 5, 1, 2], [3, 5, 6, 4, 1, 2], [3, 6, 5, 4, 1, 2], [4, 3, 5, 6, 1, 2], [4, 3, 6, 5, 1, 2], [5, 3, 4, 6, 1, 2], [6, 3, 4, 5, 1, 2], [5, 3, 6, 4, 1, 2], [6, 3, 5, 4, 1, 2], [4, 5, 3, 6, 1, 2], [4, 6, 3, 5, 1, 2], [5, 4, 3, 6, 1, 2], [6, 4, 3, 5, 1, 2], [5, 6, 3, 4, 1, 2], [6, 5, 3, 4, 1, 2], [4, 5, 6, 3, 1, 2], [4, 6, 5, 3, 1, 2], [5, 4, 6, 3, 1, 2], [6, 4, 5, 3, 1, 2], [5, 6, 4, 3, 1, 2], [6, 5, 4, 3, 1, 2], [2, 3, 4, 5, 6, 1], [2, 3, 4, 6, 5, 1], [2, 3, 5, 4, 6, 1], [2, 3, 6, 4, 5, 1], [2, 3, 5, 6, 4, 1], [2, 3, 6, 5, 4, 1], [2, 4, 3, 5, 6, 1], [2, 4, 3, 6, 5, 1], [2, 5, 3, 4, 6, 1], [2, 6, 3, 4, 5, 1], [2, 5, 3, 6, 4, 1], [2, 6, 3, 5, 4, 1], [2, 4, 5, 3, 6, 1], [2, 4, 6, 3, 5, 1], [2, 5, 4, 3, 6, 1], [2, 6, 4, 3, 5, 1], [2, 5, 6, 3, 4, 1], [2, 6, 5, 3, 4, 1], [2, 4, 5, 6, 3, 1], [2, 4, 6, 5, 3, 1], [2, 5, 4, 6, 3, 1], [2, 6, 4, 5, 3, 1], [2, 5, 6, 4, 3, 1], [2, 6, 5, 4, 3, 1], [3, 2, 4, 5, 6, 1], [3, 2, 4, 6, 5, 1], [3, 2, 5, 4, 6, 1], [3, 2, 6, 4, 5, 1], [3, 2, 5, 6, 4, 1], [3, 2, 6, 5, 4, 1], [4, 2, 3, 5, 6, 1], [4, 2, 3, 6, 5, 1], [5, 2, 3, 4, 6, 1], [6, 2, 3, 4, 5, 1], [5, 2, 3, 6, 4, 1], [6, 2, 3, 5, 4, 1], [4, 2, 5, 3, 6, 1], [4, 2, 6, 3, 5, 1], [5, 2, 4, 3, 6, 1], [6, 2, 4, 3, 5, 1], [5, 2, 6, 3, 4, 1], [6, 2, 5, 3, 4, 1], [4, 2, 5, 6, 3, 1], [4, 2, 6, 5, 3, 1], [5, 2, 4, 6, 3, 1], [6, 2, 4, 5, 3, 1], [5, 2, 6, 4, 3, 1], [6, 2, 5, 4, 3, 1], [3, 4, 2, 5, 6, 1], [3, 4, 2, 6, 5, 1], [3, 5, 2, 4, 6, 1], [3, 6, 2, 4, 5, 1], [3, 5, 2, 6, 4, 1], [3, 6, 2, 5, 4, 1], [4, 3, 2, 5, 6, 1], [4, 3, 2, 6, 5, 1], [5, 3, 2, 4, 6, 1], [6, 3, 2, 4, 5, 1], [5, 3, 2, 6, 4, 1], [6, 3, 2, 5, 4, 1], [4, 5, 2, 3, 6, 1], [4, 6, 2, 3, 5, 1], [5, 4, 2, 3, 6, 1], [6, 4, 2, 3, 5, 1], [5, 6, 2, 3, 4, 1], [6, 5, 2, 3, 4, 1], [4, 5, 2, 6, 3, 1], [4, 6, 2, 5, 3, 1], [5, 4, 2, 6, 3, 1], [6, 4, 2, 5, 3, 1], [5, 6, 2, 4, 3, 1], [6, 5, 2, 4, 3, 1], [3, 4, 5, 2, 6, 1], [3, 4, 6, 2, 5, 1], [3, 5, 4, 2, 6, 1], [3, 6, 4, 2, 5, 1], [3, 5, 6, 2, 4, 1], [3, 6, 5, 2, 4, 1], [4, 3, 5, 2, 6, 1], [4, 3, 6, 2, 5, 1], [5, 3, 4, 2, 6, 1], [6, 3, 4, 2, 5, 1], [5, 3, 6, 2, 4, 1], [6, 3, 5, 2, 4, 1], [4, 5, 3, 2, 6, 1], [4, 6, 3, 2, 5, 1], [5, 4, 3, 2, 6, 1], [6, 4, 3, 2, 5, 1], [5, 6, 3, 2, 4, 1], [6, 5, 3, 2, 4, 1], [4, 5, 6, 2, 3, 1], [4, 6, 5, 2, 3, 1], [5, 4, 6, 2, 3, 1], [6, 4, 5, 2, 3, 1], [5, 6, 4, 2, 3, 1], [6, 5, 4, 2, 3, 1], [3, 4, 5, 6, 2, 1], [3, 4, 6, 5, 2, 1], [3, 5, 4, 6, 2, 1], [3, 6, 4, 5, 2, 1], [3, 5, 6, 4, 2, 1], [3, 6, 5, 4, 2, 1], [4, 3, 5, 6, 2, 1], [4, 3, 6, 5, 2, 1], [5, 3, 4, 6, 2, 1], [6, 3, 4, 5, 2, 1], [5, 3, 6, 4, 2, 1], [6, 3, 5, 4, 2, 1], [4, 5, 3, 6, 2, 1], [4, 6, 3, 5, 2, 1], [5, 4, 3, 6, 2, 1], [6, 4, 3, 5, 2, 1], [5, 6, 3, 4, 2, 1], [6, 5, 3, 4, 2, 1], [4, 5, 6, 3, 2, 1], [4, 6, 5, 3, 2, 1], [5, 4, 6, 3, 2, 1], [6, 4, 5, 3, 2, 1], [5, 6, 4, 3, 2, 1], [6, 5, 4, 3, 2, 1]] : [[Int]]
(91579 reductions, 262216 cells, 3 garbage collections)
? last.(ff.[1,2,3,4,5,6])
[6, 5, 4, 3, 2, 1] : [Int]
(34807 reductions, 130388 cells, 2 garbage collections)
? 
Gofer session for:
/home/rusi/pdsw/gofer/gofer-master/pusimple.pre
/home/anu/pucsd/ip2017/sept1/nn.gs
? c.2.1

ERROR: Type error in application
*** expression     : c.2.1
*** term           : 2.1
*** type           : Float
*** does not match : Int

? c.2 . 1

Program error: {c.0.1}
(5 reductions, 52 cells)

? 
Gofer session for:
/home/rusi/pdsw/gofer/gofer-master/pusimple.pre
/home/anu/pucsd/ip2017/sept1/nn.gs
? c.2 . 1

Program error: {c.0.(-1)}

(13 reductions, 62 cells)

? 
Gofer session for:
/home/rusi/pdsw/gofer/gofer-master/pusimple.pre
/home/anu/pucsd/ip2017/sept1/nn.gs
? c.2 . 1
2 : Int
(10 reductions, 21 cells)
? 
Gofer session for:
/home/rusi/pdsw/gofer/gofer-master/pusimple.pre
/home/anu/pucsd/ip2017/sept1/nn.gs
? c.2 . 1
2 : Int
(10 reductions, 21 cells)
? c.4 . 1
4 : Int
(18 reductions, 35 cells)
? c.4 . 2
6 : Int
(42 reductions, 77 cells)
? 
Gofer session for:
/home/rusi/pdsw/gofer/gofer-master/pusimple.pre
/home/anu/pucsd/ip2017/sept1/nn.gs
? c.4 . 2
6 : Int
(42 reductions, 77 cells)
? c.4 . 6
0 : Int
(62 reductions, 112 cells)
? :s -s
? c.5 . 3
10 : Int
? [c.5.i | i <- [0...7]]
[1, 5, 10, 10, 5, 1, 0, 0] : [Int]
? c.(-4).2

Program error: {c.(-4).2}


? c.(4).2
6 : Int
? c.(4).(-2)

Program error: {c.4.(-2)}

? :t c
c : Int -> Int -> Int
? 
Gofer session for:
/home/rusi/pdsw/gofer/gofer-master/pusimple.pre
/home/anu/pucsd/ip2017/sept1/nn.gs
? :t cc
cc : [a] -> Int -> [[a]]
? :t c
c : Int -> Int -> Int
? cc.[1,2,3]. 2
[[2, 3], [1, 3], [1, 2]] : [[Int]]
? cc.[1,2,3,4].2
[[3, 4], [2, 4], [2, 3], [1, 4], [1, 3], [1, 2]] : [[Int]]
? ff.[3]
[[3]] : [[Int]]
? ff.[3,6]
[[3, 6], [6, 3]] : [[Int]]
? ff.[6,3]
[[6, 3], [3, 6]] : [[Int]]
? [x | x <- [0..4]]

ERROR: Undefined variable ".."
? [x | x <- [0...4]]
[0, 1, 2, 3, 4] : [Int]
? [(x,y) | x <- [0...4], y <- [6,7]]
[(0,6), (0,7), (1,6), (1,7), (2,6), (2,7), (3,6), (3,7), (4,6), (4,7)] : [(Int,Int)]
? [(x,y) | y <- [6,7], x <- [0...4]]
[(0,6), (1,6), (2,6), (3,6), (4,6), (0,7), (1,7), (2,7), (3,7), (4,7)] : [(Int,Int)]
? [z | y <- [6,7], x <- [0...4], z = x+y]
[6, 7, 8, 9, 10, 7, 8, 9, 10, 11] : [Int]
? [x+y | y <- [6,7], x <- [0...4]]
